tensor([[[ 0.1128, -0.1469,  0.0220],
         [ 0.0327,  0.0206, -0.1623],
         [ 0.1538,  0.1770, -0.1274]],

        [[ 0.0010,  0.0144, -0.0672],
         [-0.1679,  0.0493, -0.1223],
         [ 0.1397, -0.0114,  0.0990]],

        [[ 0.0388,  0.1371, -0.1793],
         [ 0.0044, -0.0841, -0.0457],
         [-0.0842, -0.0629, -0.1432]]])tensor([[[ 0.0976,  0.0461, -0.0623],
         [-0.1229, -0.0590,  0.1494],
         [-0.0926, -0.1570,  0.0686]],

        [[ 0.1886,  0.1176,  0.1322],
         [ 0.1651,  0.1771,  0.1278],
         [-0.0943, -0.1229,  0.0536]],

        [[ 0.1608,  0.0596, -0.0659],
         [-0.0218,  0.0701, -0.1342],
         [-0.0005,  0.0936, -0.1326]]])tensor([[[ 0.0791, -0.0803,  0.0716],
         [ 0.0706,  0.1743, -0.1887],
         [ 0.0815,  0.1062,  0.1773]],

        [[ 0.0158, -0.0391, -0.0328],
         [-0.0628, -0.0809,  0.0821],
         [ 0.1291,  0.1466,  0.1854]],

        [[ 0.0658,  0.0374,  0.1318],
         [ 0.0466,  0.0461, -0.0622],
         [ 0.1763, -0.1404, -0.1331]]])tensor([[[-0.1649, -0.1655, -0.0514],
         [ 0.0173,  0.1334,  0.0888],
         [ 0.1410,  0.1037,  0.1083]],

        [[ 0.0282, -0.0489, -0.1151],
         [-0.1081,  0.0032, -0.1847],
         [-0.0246,  0.0705, -0.1836]],

        [[-0.0226, -0.0724, -0.0611],
         [-0.1068,  0.0782,  0.1124],
         [-0.0770, -0.0482,  0.0537]]])tensor([[[-0.0223,  0.0727,  0.1648],
         [ 0.0751, -0.0593, -0.0444],
         [ 0.1532, -0.0873, -0.0946]],

        [[ 0.0320, -0.1430, -0.0876],
         [ 0.0032, -0.1390, -0.1042],
         [-0.0918,  0.1762,  0.0442]],

        [[ 0.0312, -0.0391,  0.0694],
         [ 0.1236, -0.1672, -0.1625],
         [-0.0846, -0.0957,  0.1028]]])tensor([[[ 0.0409, -0.0385,  0.0772],
         [ 0.0709, -0.0643,  0.0707],
         [-0.1899, -0.1003,  0.1825]],

        [[-0.1045,  0.0759,  0.0918],
         [ 0.0248, -0.1529, -0.0912],
         [ 0.0454,  0.1103, -0.0019]],

        [[ 0.1672, -0.0354, -0.1317],
         [-0.0906,  0.0899,  0.1246],
         [ 0.1621,  0.0331,  0.0680]]])tensor([[[ 0.0820,  0.0940, -0.1592],
         [ 0.1268, -0.1798,  0.1205],
         [-0.0989, -0.1299, -0.1843]],

        [[ 0.0713,  0.1924, -0.1892],
         [ 0.0850,  0.1319,  0.0574],
         [ 0.0610, -0.0532, -0.0678]],

        [[ 0.0751, -0.0333, -0.0772],
         [-0.1699, -0.0116, -0.0707],
         [-0.1466,  0.1083, -0.1058]]])tensor([[[-0.1163,  0.1447,  0.0394],
         [-0.0864,  0.1762,  0.1888],
         [-0.1542, -0.0770, -0.1896]],

        [[-0.0249, -0.0810,  0.0978],
         [-0.0391, -0.1454,  0.1784],
         [-0.0039,  0.1169, -0.0075]],

        [[-0.1503, -0.0064, -0.0291],
         [ 0.0690,  0.0114,  0.1179],
         [-0.0996,  0.0676, -0.1001]]])tensor([[[ 0.1550, -0.0292, -0.0415],
         [-0.0638,  0.0899,  0.1340],
         [-0.1759,  0.0735,  0.1283]],

        [[ 0.1359, -0.0370,  0.1078],
         [ 0.0997, -0.1175, -0.0162],
         [-0.1630,  0.0485, -0.0631]],

        [[-0.1216,  0.1595, -0.0358],
         [-0.0915, -0.0422, -0.1063],
         [-0.0223, -0.0531,  0.0883]]])tensor([[[-0.0230, -0.1109, -0.1800],
         [ 0.0913,  0.0847, -0.1443],
         [-0.1570, -0.1474, -0.1598]],

        [[-0.0309, -0.0101, -0.0726],
         [-0.0207, -0.1188, -0.1415],
         [-0.1560,  0.1685,  0.0518]],

        [[-0.1131,  0.0496,  0.1326],
         [ 0.0008, -0.0289, -0.0890],
         [ 0.1054, -0.1243, -0.0547]]])tensor([[[ 0.1017, -0.0314, -0.0049],
         [-0.1057,  0.0048, -0.0993],
         [-0.0135,  0.1408,  0.0849]],

        [[ 0.0428, -0.1450, -0.0624],
         [-0.1252, -0.0682,  0.0969],
         [-0.0787,  0.1576, -0.0375]],

        [[-0.0035, -0.0673, -0.0916],
         [ 0.1080,  0.1654,  0.0464],
         [-0.0461,  0.0480, -0.1655]]])tensor([[[ 0.1446,  0.0843, -0.1118],
         [ 0.0590, -0.0115,  0.0688],
         [ 0.0167,  0.1762, -0.1833]],

        [[ 0.0981,  0.1717,  0.0412],
         [ 0.1583, -0.1414,  0.1615],
         [-0.1361, -0.1758,  0.0715]],

        [[ 0.0137, -0.0265, -0.1439],
         [ 0.1075, -0.0578, -0.1888],
         [ 0.0967, -0.0720, -0.0125]]])tensor([[[ 0.1530, -0.0648, -0.1503],
         [ 0.0875,  0.0995, -0.1657],
         [ 0.1491, -0.1527,  0.1756]],

        [[ 0.1274,  0.1222,  0.0683],
         [-0.1292,  0.1193,  0.1003],
         [ 0.0551, -0.0030,  0.1089]],

        [[-0.1284, -0.1021, -0.0725],
         [ 0.1463, -0.1587,  0.0480],
         [ 0.1719,  0.1007,  0.1014]]])tensor([[[ 0.0528, -0.0984,  0.1610],
         [-0.1918,  0.0122, -0.1361],
         [-0.1187, -0.1886,  0.0021]],

        [[ 0.0551,  0.1891, -0.1308],
         [ 0.1032,  0.0674,  0.1565],
         [-0.0235,  0.1442,  0.1575]],

        [[ 0.0956, -0.1729, -0.0466],
         [-0.0669, -0.0254, -0.0872],
         [-0.1639,  0.1231, -0.1353]]])tensor([[[-0.0626, -0.0673,  0.0663],
         [ 0.0709, -0.1712, -0.0617],
         [ 0.1779,  0.1792,  0.0277]],

        [[ 0.1800, -0.1818,  0.0640],
         [-0.1001,  0.0913,  0.1897],
         [ 0.0611,  0.1755,  0.0430]],

        [[ 0.1513,  0.1535,  0.0204],
         [-0.1759,  0.1434,  0.1433],
         [-0.0933,  0.1833,  0.1620]]])tensor([[[ 0.0753,  0.0975,  0.1853],
         [-0.0393,  0.0992, -0.0877],
         [ 0.1498,  0.1748, -0.0217]],

        [[-0.0286, -0.1357, -0.1257],
         [-0.1353, -0.0479,  0.0343],
         [ 0.0673,  0.0711,  0.0270]],

        [[ 0.1507, -0.0910, -0.1534],
         [-0.1479, -0.0148,  0.1784],
         [ 0.1532,  0.1558,  0.1904]]])tensor(0.0957)tensor(-0.1341)tensor(0.1680)tensor(-0.0183)tensor(0.0149)tensor(-0.1817)tensor(0.0247)tensor(0.1195)tensor(0.0987)tensor(-0.0010)tensor(-0.0815)tensor(0.0598)tensor(-0.0688)tensor(-0.0144)tensor(0.1184)tensor(0.1254)tensor([[[ 0.0265, -0.0358, -0.0444],
         [ 0.0497,  0.0452, -0.0616],
         [-0.0734, -0.0721, -0.0792]],

        [[ 0.0143, -0.0394,  0.0347],
         [-0.0534,  0.0453, -0.0789],
         [-0.0751, -0.0285,  0.0372]],

        [[ 0.0628, -0.0152, -0.0419],
         [-0.0308, -0.0599,  0.0047],
         [-0.0440, -0.0250,  0.0673]],

        [[-0.0625, -0.0053,  0.0461],
         [ 0.0736, -0.0689,  0.0142],
         [-0.0342, -0.0174,  0.0341]],

        [[ 0.0322,  0.0641, -0.0483],
         [ 0.0813, -0.0083, -0.0474],
         [ 0.0521,  0.0233, -0.0475]],

        [[-0.0612, -0.0291, -0.0779],
         [-0.0171,  0.0111,  0.0125],
         [ 0.0110, -0.0240, -0.0088]],

        [[ 0.0270, -0.0155,  0.0066],
         [ 0.0582,  0.0597,  0.0445],
         [ 0.0745, -0.0564,  0.0072]],

        [[ 0.0763,  0.0654,  0.0574],
         [-0.0621,  0.0361,  0.0819],
         [-0.0597, -0.0306, -0.0202]],

        [[-0.0239, -0.0101,  0.0454],
         [ 0.0507, -0.0043, -0.0194],
         [-0.0561,  0.0587, -0.0389]],

        [[-0.0294,  0.0073, -0.0786],
         [-0.0823, -0.0179, -0.0825],
         [-0.0192, -0.0616,  0.0677]],

        [[ 0.0778, -0.0668, -0.0013],
         [ 0.0645, -0.0227, -0.0425],
         [ 0.0229, -0.0153, -0.0065]],

        [[-0.0806, -0.0088,  0.0411],
         [ 0.0483,  0.0676,  0.0410],
         [-0.0191,  0.0340,  0.0298]],

        [[-0.0141, -0.0001,  0.0383],
         [ 0.0700, -0.0691, -0.0261],
         [-0.0746, -0.0630,  0.0134]],

        [[-0.0376, -0.0605,  0.0527],
         [ 0.0492,  0.0402,  0.0056],
         [-0.0061, -0.0438,  0.0276]],

        [[ 0.0657, -0.0041, -0.0413],
         [ 0.0125, -0.0019, -0.0615],
         [-0.0493, -0.0685,  0.0036]],

        [[ 0.0231,  0.0150,  0.0116],
         [-0.0300, -0.0250,  0.0133],
         [-0.0232, -0.0268,  0.0386]]])tensor([[[ 1.5739e-02,  6.2305e-02,  8.3303e-03],
         [-7.0550e-02,  2.3367e-02, -2.1780e-02],
         [-3.4071e-03,  4.2550e-02,  4.8815e-02]],

        [[-2.8132e-02,  1.7713e-02, -1.0444e-02],
         [ 3.4489e-02,  3.6309e-02,  1.2506e-02],
         [ 3.4789e-02, -1.0447e-02,  5.0283e-02]],

        [[-1.3720e-02, -5.9083e-03,  4.2414e-02],
         [ 6.9982e-03,  1.9085e-02, -4.3680e-02],
         [ 6.1557e-03,  5.5996e-02,  6.4037e-03]],

        [[-2.3417e-02, -2.0318e-05,  7.3046e-02],
         [ 1.2340e-02, -1.0154e-02, -4.0426e-02],
         [-5.2214e-02, -7.8915e-02,  1.1997e-02]],

        [[ 1.5684e-02,  2.2852e-02, -2.1849e-02],
         [-3.2675e-02,  5.1995e-02,  6.1402e-02],
         [ 7.6310e-02,  7.6730e-02, -3.6133e-02]],

        [[-1.5038e-02,  7.8332e-02,  6.6752e-02],
         [ 7.7274e-02,  7.3393e-02, -5.0444e-02],
         [ 7.4813e-02,  2.8944e-02, -1.1023e-02]],

        [[-1.2065e-02, -1.5796e-02, -1.8838e-02],
         [ 4.8818e-02, -7.2966e-02, -7.0648e-02],
         [-7.8166e-02, -2.6740e-02,  7.5626e-03]],

        [[-7.0272e-02,  3.0622e-03,  1.3489e-02],
         [ 1.6727e-02, -6.4824e-03, -2.4592e-02],
         [-3.3989e-02, -2.6423e-02, -4.4918e-02]],

        [[-6.9787e-02, -5.2956e-02, -4.2001e-02],
         [ 2.7609e-02,  2.4677e-02,  5.0371e-02],
         [ 1.4052e-02,  2.8685e-02, -7.1667e-02]],

        [[-8.2687e-03,  4.7026e-02,  2.8091e-02],
         [ 1.2540e-02, -4.7083e-02,  1.1248e-02],
         [ 2.0038e-02, -3.7661e-02,  3.0898e-02]],

        [[ 5.0971e-02, -4.8783e-02,  3.8074e-02],
         [ 6.1050e-02, -7.7977e-02,  6.9464e-02],
         [ 5.8163e-02, -4.1662e-02,  6.5165e-02]],

        [[-2.3395e-02, -2.6830e-02,  2.7954e-03],
         [-2.6832e-02,  4.4850e-03, -5.8840e-02],
         [-2.2682e-02,  4.6778e-03,  4.9703e-02]],

        [[ 7.6847e-02,  1.8440e-02,  3.8576e-02],
         [ 2.9534e-03,  7.4739e-02,  8.0720e-02],
         [ 5.5854e-02, -3.7525e-02, -2.0713e-02]],

        [[-7.6377e-02,  3.7426e-02, -3.0505e-02],
         [ 7.9426e-02, -7.9506e-02, -3.7428e-02],
         [-6.5997e-02, -2.6811e-02, -7.0903e-02]],

        [[ 5.6784e-02,  7.3208e-02, -7.5491e-02],
         [ 3.5739e-02, -7.9438e-02, -1.7715e-02],
         [ 1.9909e-02,  4.3296e-02, -5.7989e-02]],

        [[ 4.1484e-02, -7.1016e-02,  6.8504e-02],
         [-4.6586e-03, -2.9022e-02,  8.9724e-03],
         [-1.3610e-02,  7.2215e-03,  6.0785e-02]]])tensor([[[ 0.0363,  0.0256,  0.0201],
         [-0.0347, -0.0398, -0.0043],
         [-0.0359,  0.0196,  0.0024]],

        [[ 0.0022,  0.0083,  0.0643],
         [-0.0437,  0.0194, -0.0321],
         [ 0.0646,  0.0349,  0.0043]],

        [[-0.0037,  0.0638,  0.0674],
         [-0.0190,  0.0124,  0.0393],
         [ 0.0768, -0.0145,  0.0244]],

        [[ 0.0155,  0.0540,  0.0206],
         [-0.0351,  0.0112,  0.0107],
         [ 0.0610, -0.0423, -0.0249]],

        [[ 0.0531, -0.0644, -0.0462],
         [ 0.0300,  0.0231,  0.0761],
         [-0.0463,  0.0590, -0.0750]],

        [[-0.0237, -0.0193, -0.0056],
         [-0.0204,  0.0357,  0.0022],
         [-0.0008, -0.0738,  0.0582]],

        [[-0.0445,  0.0635, -0.0103],
         [ 0.0085,  0.0100,  0.0437],
         [ 0.0787, -0.0105, -0.0156]],

        [[-0.0113, -0.0356, -0.0008],
         [-0.0636,  0.0150,  0.0696],
         [ 0.0283, -0.0329,  0.0325]],

        [[-0.0527, -0.0228, -0.0457],
         [-0.0583,  0.0663,  0.0050],
         [-0.0716, -0.0526, -0.0405]],

        [[-0.0733,  0.0470,  0.0442],
         [-0.0001, -0.0673, -0.0180],
         [ 0.0740,  0.0118,  0.0694]],

        [[ 0.0681,  0.0830, -0.0037],
         [-0.0576, -0.0749,  0.0646],
         [ 0.0653,  0.0003, -0.0125]],

        [[-0.0740,  0.0573,  0.0191],
         [ 0.0320, -0.0010, -0.0287],
         [-0.0602,  0.0505,  0.0582]],

        [[ 0.0168,  0.0153,  0.0581],
         [-0.0460, -0.0610,  0.0117],
         [ 0.0195,  0.0131,  0.0038]],

        [[-0.0241,  0.0266, -0.0521],
         [ 0.0308, -0.0406, -0.0352],
         [ 0.0029, -0.0255,  0.0366]],

        [[-0.0669,  0.0352, -0.0192],
         [ 0.0744,  0.0234, -0.0759],
         [-0.0684, -0.0451, -0.0233]],

        [[ 0.0094,  0.0707, -0.0633],
         [-0.0182, -0.0486,  0.0177],
         [ 0.0057,  0.0023, -0.0447]]])tensor([[[-0.0014,  0.0393,  0.0753],
         [ 0.0479, -0.0561, -0.0388],
         [ 0.0283, -0.0453,  0.0377]],

        [[-0.0621, -0.0550,  0.0542],
         [-0.0397,  0.0611,  0.0160],
         [ 0.0594, -0.0130, -0.0095]],

        [[ 0.0146, -0.0157, -0.0535],
         [ 0.0095,  0.0730,  0.0395],
         [-0.0388, -0.0619,  0.0679]],

        [[ 0.0073, -0.0626, -0.0623],
         [-0.0740, -0.0420, -0.0031],
         [ 0.0558, -0.0138,  0.0228]],

        [[-0.0274, -0.0264,  0.0643],
         [ 0.0447,  0.0560,  0.0078],
         [-0.0358, -0.0686, -0.0717]],

        [[ 0.0754,  0.0006, -0.0282],
         [ 0.0668, -0.0023, -0.0003],
         [-0.0333, -0.0541, -0.0369]],

        [[-0.0727, -0.0687,  0.0266],
         [ 0.0642,  0.0334,  0.0605],
         [-0.0242, -0.0821, -0.0695]],

        [[-0.0022,  0.0370, -0.0125],
         [ 0.0272, -0.0736, -0.0475],
         [-0.0755, -0.0474, -0.0256]],

        [[-0.0014,  0.0337,  0.0828],
         [-0.0811,  0.0552, -0.0354],
         [ 0.0079, -0.0529,  0.0517]],

        [[-0.0538,  0.0137,  0.0232],
         [-0.0760,  0.0324, -0.0066],
         [-0.0717, -0.0260, -0.0151]],

        [[ 0.0264, -0.0078, -0.0118],
         [ 0.0417,  0.0258,  0.0449],
         [ 0.0789,  0.0264,  0.0021]],

        [[ 0.0045,  0.0543,  0.0536],
         [-0.0525, -0.0169, -0.0235],
         [ 0.0178, -0.0742,  0.0692]],

        [[-0.0209, -0.0460, -0.0146],
         [-0.0334, -0.0715,  0.0681],
         [-0.0409, -0.0189,  0.0785]],

        [[-0.0219, -0.0470, -0.0264],
         [ 0.0270,  0.0440,  0.0667],
         [ 0.0088, -0.0283,  0.0815]],

        [[ 0.0777, -0.0007,  0.0182],
         [-0.0058, -0.0781, -0.0269],
         [-0.0529,  0.0373,  0.0075]],

        [[-0.0670, -0.0264,  0.0609],
         [ 0.0083,  0.0777,  0.0031],
         [-0.0770, -0.0422,  0.0145]]])tensor([[[ 0.0377, -0.0750, -0.0099],
         [ 0.0466, -0.0337, -0.0264],
         [-0.0199, -0.0145,  0.0568]],

        [[-0.0014,  0.0156, -0.0454],
         [-0.0309,  0.0204, -0.0179],
         [ 0.0351, -0.0038,  0.0801]],

        [[-0.0026,  0.0217,  0.0191],
         [-0.0083, -0.0066, -0.0491],
         [-0.0058,  0.0324,  0.0428]],

        [[-0.0196,  0.0337, -0.0114],
         [ 0.0595, -0.0405,  0.0469],
         [-0.0464,  0.0184, -0.0788]],

        [[-0.0779,  0.0443, -0.0193],
         [-0.0727,  0.0418, -0.0716],
         [-0.0292, -0.0330,  0.0229]],

        [[-0.0466,  0.0026, -0.0177],
         [ 0.0361,  0.0613, -0.0490],
         [ 0.0039,  0.0337, -0.0669]],

        [[ 0.0620, -0.0304,  0.0508],
         [ 0.0002, -0.0765,  0.0646],
         [ 0.0611, -0.0652, -0.0194]],

        [[ 0.0691,  0.0765,  0.0135],
         [-0.0672,  0.0351, -0.0770],
         [ 0.0489, -0.0395, -0.0372]],

        [[ 0.0363,  0.0050,  0.0361],
         [-0.0367,  0.0179,  0.0301],
         [-0.0365, -0.0177,  0.0318]],

        [[-0.0066, -0.0236, -0.0302],
         [ 0.0536,  0.0308, -0.0102],
         [-0.0021, -0.0343,  0.0674]],

        [[ 0.0348,  0.0758,  0.0820],
         [ 0.0239,  0.0184, -0.0115],
         [-0.0557,  0.0589,  0.0214]],

        [[-0.0475, -0.0250, -0.0769],
         [ 0.0232, -0.0559, -0.0705],
         [-0.0502,  0.0824, -0.0785]],

        [[-0.0068, -0.0557, -0.0395],
         [ 0.0706,  0.0715, -0.0681],
         [ 0.0166, -0.0126,  0.0238]],

        [[ 0.0380, -0.0151,  0.0332],
         [ 0.0521, -0.0805, -0.0236],
         [ 0.0518,  0.0081,  0.0471]],

        [[ 0.0193, -0.0560,  0.0556],
         [ 0.0197,  0.0390, -0.0583],
         [-0.0823,  0.0123,  0.0062]],

        [[ 0.0478,  0.0585,  0.0212],
         [ 0.0076, -0.0638,  0.0157],
         [-0.0303, -0.0710, -0.0387]]])tensor([[[ 0.0137, -0.0528, -0.0360],
         [ 0.0228, -0.0046, -0.0191],
         [ 0.0778,  0.0181, -0.0747]],

        [[-0.0254, -0.0324, -0.0668],
         [-0.0189,  0.0146, -0.0317],
         [-0.0327, -0.0418,  0.0564]],

        [[ 0.0216, -0.0509,  0.0182],
         [-0.0462, -0.0356, -0.0033],
         [-0.0491, -0.0093,  0.0657]],

        [[ 0.0466,  0.0264,  0.0006],
         [ 0.0442, -0.0036,  0.0341],
         [ 0.0061, -0.0693, -0.0585]],

        [[ 0.0823, -0.0677, -0.0161],
         [-0.0156, -0.0342, -0.0320],
         [-0.0504,  0.0399,  0.0421]],

        [[-0.0630, -0.0004,  0.0065],
         [ 0.0277,  0.0523,  0.0278],
         [ 0.0129,  0.0139, -0.0306]],

        [[-0.0831, -0.0772,  0.0308],
         [-0.0640, -0.0456,  0.0794],
         [ 0.0227,  0.0388, -0.0428]],

        [[-0.0781, -0.0098,  0.0082],
         [-0.0519,  0.0192, -0.0320],
         [ 0.0571,  0.0752,  0.0268]],

        [[-0.0741, -0.0332,  0.0219],
         [-0.0211,  0.0119,  0.0728],
         [-0.0278, -0.0433, -0.0603]],

        [[-0.0717,  0.0514, -0.0832],
         [ 0.0219,  0.0484,  0.0353],
         [ 0.0569, -0.0498, -0.0715]],

        [[ 0.0225,  0.0040, -0.0262],
         [ 0.0028, -0.0134, -0.0486],
         [-0.0826,  0.0762,  0.0616]],

        [[ 0.0383,  0.0451, -0.0505],
         [-0.0068,  0.0396,  0.0236],
         [ 0.0047,  0.0358, -0.0118]],

        [[ 0.0574,  0.0118, -0.0798],
         [-0.0320,  0.0369, -0.0252],
         [-0.0015,  0.0219,  0.0737]],

        [[-0.0261, -0.0537,  0.0244],
         [ 0.0218, -0.0804, -0.0227],
         [-0.0300,  0.0109, -0.0223]],

        [[-0.0132,  0.0738, -0.0323],
         [-0.0570, -0.0042, -0.0091],
         [-0.0036, -0.0629,  0.0173]],

        [[-0.0452,  0.0666, -0.0333],
         [ 0.0097,  0.0100, -0.0256],
         [-0.0360,  0.0464,  0.0755]]])tensor([[[-0.0185, -0.0341,  0.0292],
         [-0.0439,  0.0449,  0.0010],
         [-0.0184,  0.0371, -0.0158]],

        [[ 0.0473,  0.0155, -0.0655],
         [-0.0244,  0.0798, -0.0019],
         [ 0.0670, -0.0412,  0.0044]],

        [[-0.0029,  0.0678,  0.0077],
         [-0.0764,  0.0740,  0.0141],
         [ 0.0293, -0.0734,  0.0198]],

        [[-0.0156, -0.0207,  0.0235],
         [-0.0606, -0.0324,  0.0235],
         [ 0.0720,  0.0064,  0.0750]],

        [[ 0.0350,  0.0371, -0.0417],
         [-0.0770, -0.0430,  0.0331],
         [ 0.0625,  0.0729,  0.0044]],

        [[-0.0516,  0.0272, -0.0111],
         [ 0.0191,  0.0682, -0.0339],
         [-0.0294,  0.0028, -0.0510]],

        [[-0.0454,  0.0233, -0.0392],
         [ 0.0058, -0.0117, -0.0271],
         [-0.0052, -0.0436, -0.0189]],

        [[-0.0562, -0.0289, -0.0079],
         [-0.0108, -0.0463, -0.0327],
         [ 0.0289, -0.0264,  0.0684]],

        [[ 0.0023, -0.0218, -0.0610],
         [ 0.0568, -0.0055,  0.0358],
         [-0.0118,  0.0648, -0.0353]],

        [[ 0.0494, -0.0827, -0.0462],
         [-0.0423,  0.0799,  0.0292],
         [-0.0481,  0.0445, -0.0733]],

        [[-0.0690, -0.0779,  0.0396],
         [-0.0746,  0.0586, -0.0762],
         [-0.0444,  0.0484,  0.0456]],

        [[-0.0639,  0.0577,  0.0477],
         [ 0.0262,  0.0492,  0.0276],
         [-0.0721, -0.0023, -0.0494]],

        [[ 0.0582,  0.0661, -0.0696],
         [ 0.0626,  0.0703, -0.0599],
         [ 0.0613, -0.0448, -0.0053]],

        [[-0.0196,  0.0168, -0.0677],
         [-0.0222, -0.0524, -0.0796],
         [-0.0535,  0.0766, -0.0797]],

        [[ 0.0045,  0.0755, -0.0177],
         [-0.0027,  0.0533, -0.0701],
         [-0.0441, -0.0580, -0.0005]],

        [[ 0.0415,  0.0129,  0.0017],
         [-0.0155,  0.0641,  0.0796],
         [-0.0646, -0.0480,  0.0721]]])tensor([[[ 0.0650,  0.0570,  0.0259],
         [ 0.0471, -0.0565, -0.0051],
         [-0.0496,  0.0655,  0.0435]],

        [[-0.0487,  0.0201, -0.0296],
         [ 0.0387, -0.0641, -0.0265],
         [-0.0117,  0.0567,  0.0116]],

        [[ 0.0121,  0.0177, -0.0129],
         [-0.0386, -0.0074,  0.0655],
         [-0.0145, -0.0569,  0.0466]],

        [[ 0.0688, -0.0772, -0.0446],
         [ 0.0057,  0.0044,  0.0448],
         [-0.0084, -0.0034, -0.0072]],

        [[-0.0352, -0.0563, -0.0115],
         [-0.0535, -0.0463,  0.0781],
         [ 0.0119, -0.0585,  0.0653]],

        [[-0.0370,  0.0527,  0.0306],
         [ 0.0707, -0.0728, -0.0782],
         [-0.0172, -0.0099,  0.0458]],

        [[ 0.0656, -0.0282,  0.0168],
         [-0.0523,  0.0204,  0.0761],
         [ 0.0597,  0.0589, -0.0418]],

        [[ 0.0731,  0.0686,  0.0217],
         [-0.0809, -0.0684, -0.0139],
         [-0.0654, -0.0725, -0.0448]],

        [[-0.0271, -0.0453,  0.0077],
         [ 0.0178, -0.0695,  0.0177],
         [-0.0634, -0.0547,  0.0701]],

        [[-0.0581,  0.0414, -0.0073],
         [ 0.0236,  0.0463,  0.0558],
         [ 0.0114, -0.0807, -0.0607]],

        [[-0.0232, -0.0431,  0.0565],
         [ 0.0051,  0.0803, -0.0604],
         [ 0.0194,  0.0293,  0.0501]],

        [[-0.0011, -0.0806, -0.0150],
         [ 0.0744, -0.0548, -0.0255],
         [-0.0204, -0.0406, -0.0192]],

        [[-0.0614, -0.0819, -0.0568],
         [-0.0617, -0.0240, -0.0264],
         [-0.0097, -0.0204,  0.0248]],

        [[-0.0555,  0.0129,  0.0264],
         [ 0.0002,  0.0366, -0.0343],
         [-0.0585, -0.0650, -0.0353]],

        [[-0.0375,  0.0562,  0.0557],
         [ 0.0298,  0.0196, -0.0189],
         [ 0.0830,  0.0013,  0.0297]],

        [[-0.0494, -0.0378, -0.0769],
         [-0.0573, -0.0025,  0.0153],
         [-0.0337, -0.0403, -0.0185]]])tensor([[[-0.0738, -0.0147,  0.0128],
         [ 0.0070, -0.0425,  0.0480],
         [-0.0069,  0.0317, -0.0531]],

        [[-0.0176, -0.0605, -0.0730],
         [ 0.0460,  0.0189, -0.0548],
         [-0.0259, -0.0563,  0.0060]],

        [[ 0.0338, -0.0821,  0.0267],
         [-0.0650, -0.0592, -0.0047],
         [-0.0703,  0.0469,  0.0314]],

        [[ 0.0673, -0.0385,  0.0453],
         [-0.0037, -0.0589,  0.0433],
         [-0.0283, -0.0356, -0.0496]],

        [[-0.0499, -0.0654, -0.0258],
         [-0.0682, -0.0008,  0.0332],
         [-0.0432,  0.0645, -0.0816]],

        [[ 0.0101,  0.0620, -0.0624],
         [-0.0233,  0.0086, -0.0531],
         [-0.0430, -0.0758, -0.0799]],

        [[ 0.0674, -0.0275, -0.0015],
         [ 0.0014,  0.0390,  0.0448],
         [-0.0677, -0.0619,  0.0499]],

        [[ 0.0441, -0.0483,  0.0299],
         [-0.0037, -0.0220, -0.0807],
         [-0.0116,  0.0692, -0.0626]],

        [[-0.0543,  0.0487, -0.0524],
         [ 0.0763, -0.0689, -0.0503],
         [-0.0644, -0.0199, -0.0672]],

        [[-0.0530, -0.0321,  0.0491],
         [ 0.0123,  0.0031, -0.0319],
         [ 0.0632, -0.0258, -0.0369]],

        [[ 0.0528, -0.0068, -0.0269],
         [-0.0161, -0.0721,  0.0287],
         [-0.0094, -0.0102, -0.0430]],

        [[-0.0687,  0.0547,  0.0178],
         [-0.0143, -0.0147,  0.0358],
         [ 0.0617, -0.0337, -0.0312]],

        [[-0.0236,  0.0050,  0.0138],
         [-0.0812, -0.0382, -0.0507],
         [ 0.0085,  0.0561, -0.0647]],

        [[-0.0480, -0.0813, -0.0595],
         [-0.0649, -0.0050, -0.0371],
         [-0.0359, -0.0009,  0.0329]],

        [[-0.0569, -0.0601, -0.0617],
         [ 0.0180,  0.0104, -0.0081],
         [-0.0570, -0.0610,  0.0797]],

        [[ 0.0410, -0.0366,  0.0011],
         [ 0.0052, -0.0579, -0.0688],
         [ 0.0781, -0.0538, -0.0797]]])tensor([[[ 6.2136e-02, -3.6129e-02, -1.3823e-02],
         [ 8.2072e-02,  7.1288e-02,  9.5284e-03],
         [-6.6354e-02,  6.7324e-02, -1.6761e-02]],

        [[-3.6860e-02,  5.4879e-02, -7.2374e-02],
         [-8.1425e-02,  1.2103e-02,  6.6477e-02],
         [-5.6431e-02,  7.1579e-02,  2.5359e-02]],

        [[-8.1781e-02,  1.5263e-02, -9.0724e-03],
         [-8.0055e-02,  7.4106e-02, -1.6651e-02],
         [-2.3940e-03, -1.0923e-02,  2.1238e-02]],

        [[-1.0639e-02,  3.6951e-02, -3.3327e-02],
         [ 4.4674e-02,  6.3010e-02,  4.7722e-02],
         [-6.6901e-02, -4.9114e-02,  1.0647e-02]],

        [[-5.3014e-02,  3.5975e-02,  7.1382e-02],
         [-4.4539e-02, -1.5632e-02,  8.0890e-02],
         [-2.9430e-02,  4.6988e-02, -2.7307e-02]],

        [[ 2.5766e-02, -7.2487e-02, -7.7104e-02],
         [-2.2008e-02,  5.3037e-02,  1.7704e-02],
         [ 3.2979e-02,  5.0186e-02, -2.7984e-02]],

        [[ 7.3908e-02, -1.3191e-02,  1.1770e-02],
         [-3.9596e-02, -5.6809e-02,  6.7485e-03],
         [-7.4348e-02, -7.0156e-02, -7.8796e-03]],

        [[-6.5107e-02, -2.4384e-02, -4.5136e-02],
         [ 3.8472e-03,  7.9521e-02,  5.9206e-02],
         [ 2.0622e-03,  1.9954e-02, -6.0681e-02]],

        [[ 6.5341e-02,  2.9020e-02, -1.2155e-02],
         [ 2.1655e-02, -7.8158e-02, -4.6606e-02],
         [ 8.2130e-02,  3.6265e-02,  6.9398e-02]],

        [[ 9.3235e-03, -1.2783e-03, -5.6324e-02],
         [-4.4638e-02, -3.7689e-03,  2.5139e-02],
         [-7.9667e-03, -4.5405e-02, -4.2654e-02]],

        [[ 8.1939e-02,  3.7282e-03, -2.1799e-02],
         [-3.8681e-03,  7.0285e-02, -7.3517e-02],
         [ 5.4219e-02,  1.6397e-02,  3.3605e-02]],

        [[ 7.7610e-02,  2.6235e-02,  5.4175e-02],
         [ 7.8018e-02, -7.9200e-03,  9.5971e-05],
         [-6.7577e-02, -6.3843e-02,  2.1931e-02]],

        [[ 7.6658e-02,  6.7479e-02, -1.7819e-02],
         [ 2.3370e-02,  5.7931e-02,  8.4562e-03],
         [ 3.3115e-02, -4.4827e-03,  7.6628e-02]],

        [[-2.7433e-02,  3.4129e-02, -7.3273e-02],
         [-9.1757e-03, -7.4961e-02, -5.3653e-02],
         [-3.7358e-02, -5.9512e-02,  1.1731e-02]],

        [[ 5.8839e-02,  7.3125e-02,  8.2907e-02],
         [ 1.8132e-02, -6.3580e-02, -4.0464e-02],
         [-2.3070e-02, -4.3438e-02, -1.4673e-02]],

        [[-4.6411e-02, -3.1399e-03,  6.8227e-02],
         [ 9.2950e-03, -1.5262e-02,  3.1420e-02],
         [-6.8365e-02, -6.1212e-02,  5.0130e-02]]])tensor([[[-0.0225,  0.0020,  0.0704],
         [-0.0604,  0.0422, -0.0392],
         [ 0.0499, -0.0539,  0.0641]],

        [[ 0.0740,  0.0471,  0.0627],
         [ 0.0466,  0.0822, -0.0456],
         [-0.0478,  0.0567,  0.0016]],

        [[ 0.0081, -0.0028,  0.0426],
         [-0.0391, -0.0403, -0.0215],
         [ 0.0812, -0.0290,  0.0155]],

        [[-0.0652,  0.0171,  0.0403],
         [-0.0572, -0.0805, -0.0725],
         [ 0.0580, -0.0421, -0.0695]],

        [[ 0.0023,  0.0504,  0.0121],
         [-0.0451,  0.0058, -0.0532],
         [-0.0102,  0.0042, -0.0806]],

        [[-0.0518, -0.0762, -0.0748],
         [-0.0010, -0.0789,  0.0023],
         [ 0.0112,  0.0447,  0.0338]],

        [[ 0.0401,  0.0274, -0.0644],
         [ 0.0462, -0.0584,  0.0640],
         [ 0.0575, -0.0031,  0.0163]],

        [[ 0.0723, -0.0159, -0.0119],
         [-0.0691,  0.0710,  0.0808],
         [ 0.0020, -0.0435, -0.0100]],

        [[-0.0658, -0.0580, -0.0051],
         [ 0.0763, -0.0734, -0.0182],
         [-0.0168, -0.0431,  0.0049]],

        [[ 0.0075, -0.0491,  0.0829],
         [ 0.0549,  0.0403,  0.0186],
         [-0.0111, -0.0265,  0.0766]],

        [[-0.0057, -0.0213,  0.0579],
         [ 0.0565,  0.0172,  0.0273],
         [ 0.0338,  0.0560,  0.0765]],

        [[ 0.0746, -0.0098, -0.0536],
         [-0.0518, -0.0341, -0.0135],
         [-0.0452,  0.0694,  0.0359]],

        [[-0.0281, -0.0516,  0.0051],
         [ 0.0045, -0.0110,  0.0335],
         [-0.0767, -0.0523,  0.0733]],

        [[-0.0337,  0.0744,  0.0090],
         [ 0.0161, -0.0401,  0.0090],
         [ 0.0542, -0.0347,  0.0705]],

        [[ 0.0672,  0.0517, -0.0029],
         [ 0.0201, -0.0669,  0.0481],
         [-0.0578, -0.0101, -0.0759]],

        [[ 0.0688, -0.0190, -0.0044],
         [-0.0244,  0.0810, -0.0473],
         [-0.0617,  0.0323,  0.0217]]])tensor([[[ 0.0555, -0.0604, -0.0191],
         [-0.0764, -0.0401,  0.0659],
         [-0.0768, -0.0404, -0.0608]],

        [[-0.0440,  0.0218,  0.0221],
         [-0.0296,  0.0585,  0.0729],
         [ 0.0005,  0.0252,  0.0060]],

        [[-0.0374, -0.0278,  0.0338],
         [ 0.0740, -0.0204, -0.0447],
         [-0.0537, -0.0103, -0.0143]],

        [[ 0.0527,  0.0827,  0.0055],
         [ 0.0065, -0.0124, -0.0275],
         [ 0.0222, -0.0169,  0.0502]],

        [[-0.0290,  0.0138,  0.0187],
         [-0.0006,  0.0024, -0.0261],
         [ 0.0618,  0.0588, -0.0412]],

        [[ 0.0119,  0.0409,  0.0603],
         [-0.0109,  0.0591, -0.0012],
         [ 0.0443, -0.0518,  0.0745]],

        [[ 0.0286,  0.0361,  0.0548],
         [-0.0216, -0.0805, -0.0323],
         [-0.0572, -0.0528, -0.0405]],

        [[ 0.0324, -0.0372,  0.0426],
         [-0.0790, -0.0823,  0.0013],
         [ 0.0774,  0.0136,  0.0145]],

        [[-0.0112,  0.0718, -0.0086],
         [ 0.0512, -0.0812, -0.0070],
         [ 0.0106,  0.0295, -0.0422]],

        [[-0.0047, -0.0254,  0.0769],
         [-0.0381, -0.0576,  0.0014],
         [-0.0812,  0.0083, -0.0181]],

        [[-0.0409,  0.0005, -0.0654],
         [-0.0538, -0.0650, -0.0478],
         [-0.0049,  0.0482, -0.0306]],

        [[-0.0527, -0.0013,  0.0511],
         [ 0.0345,  0.0559,  0.0329],
         [ 0.0487,  0.0679, -0.0031]],

        [[ 0.0013, -0.0051, -0.0571],
         [ 0.0150,  0.0140, -0.0181],
         [-0.0320,  0.0231, -0.0362]],

        [[ 0.0588, -0.0195, -0.0829],
         [-0.0510,  0.0264, -0.0760],
         [-0.0754, -0.0714, -0.0528]],

        [[ 0.0695, -0.0613,  0.0687],
         [ 0.0111,  0.0652,  0.0474],
         [-0.0008, -0.0460,  0.0734]],

        [[-0.0231, -0.0073, -0.0518],
         [ 0.0643,  0.0318, -0.0770],
         [ 0.0554,  0.0338, -0.0510]]])tensor([[[ 0.0297, -0.0032,  0.0156],
         [ 0.0298,  0.0295, -0.0328],
         [ 0.0698,  0.0755,  0.0130]],

        [[-0.0443,  0.0197,  0.0309],
         [ 0.0796, -0.0245, -0.0809],
         [ 0.0280,  0.0812, -0.0815]],

        [[ 0.0284, -0.0528, -0.0550],
         [-0.0213,  0.0708, -0.0547],
         [-0.0818, -0.0455, -0.0337]],

        [[-0.0103,  0.0606, -0.0413],
         [ 0.0074,  0.0276, -0.0543],
         [-0.0685,  0.0752, -0.0331]],

        [[ 0.0702,  0.0529, -0.0706],
         [-0.0423,  0.0056, -0.0057],
         [-0.0451, -0.0475, -0.0294]],

        [[ 0.0074,  0.0089, -0.0144],
         [ 0.0261, -0.0144, -0.0750],
         [-0.0262, -0.0356,  0.0287]],

        [[ 0.0654, -0.0605, -0.0056],
         [-0.0421,  0.0505,  0.0145],
         [-0.0540, -0.0774, -0.0467]],

        [[ 0.0621,  0.0138, -0.0414],
         [ 0.0570, -0.0593,  0.0702],
         [ 0.0169, -0.0637,  0.0566]],

        [[ 0.0406,  0.0073, -0.0717],
         [-0.0632,  0.0310, -0.0791],
         [-0.0075, -0.0751,  0.0305]],

        [[-0.0062,  0.0502, -0.0213],
         [-0.0522,  0.0722, -0.0644],
         [-0.0637,  0.0534, -0.0301]],

        [[ 0.0289,  0.0445,  0.0539],
         [ 0.0529, -0.0554, -0.0269],
         [ 0.0172,  0.0637,  0.0807]],

        [[ 0.0231, -0.0746, -0.0392],
         [-0.0007,  0.0520,  0.0668],
         [ 0.0358,  0.0158,  0.0809]],

        [[-0.0023,  0.0273,  0.0787],
         [ 0.0114,  0.0294,  0.0186],
         [ 0.0709, -0.0178, -0.0283]],

        [[ 0.0546,  0.0583, -0.0381],
         [ 0.0273, -0.0538,  0.0652],
         [-0.0776,  0.0206,  0.0637]],

        [[-0.0719, -0.0463,  0.0677],
         [ 0.0297, -0.0514,  0.0268],
         [-0.0153,  0.0129,  0.0389]],

        [[ 0.0715,  0.0494,  0.0202],
         [ 0.0505, -0.0262,  0.0497],
         [-0.0691, -0.0801,  0.0660]]])tensor([[[ 0.0753, -0.0604,  0.0359],
         [-0.0363, -0.0148,  0.0120],
         [-0.0078,  0.0710,  0.0316]],

        [[-0.0115,  0.0063,  0.0592],
         [ 0.0382,  0.0004,  0.0381],
         [-0.0696, -0.0591, -0.0563]],

        [[ 0.0115, -0.0706, -0.0185],
         [ 0.0157, -0.0772, -0.0643],
         [-0.0053,  0.0722, -0.0143]],

        [[ 0.0007, -0.0313,  0.0607],
         [ 0.0014, -0.0585, -0.0496],
         [-0.0133,  0.0375, -0.0585]],

        [[-0.0519, -0.0091, -0.0430],
         [-0.0367,  0.0257, -0.0038],
         [ 0.0099,  0.0798,  0.0186]],

        [[-0.0307, -0.0149, -0.0621],
         [ 0.0676, -0.0469,  0.0367],
         [ 0.0749, -0.0531, -0.0599]],

        [[-0.0002, -0.0799, -0.0339],
         [-0.0764, -0.0726,  0.0524],
         [-0.0260, -0.0339, -0.0070]],

        [[-0.0172,  0.0731,  0.0348],
         [-0.0199,  0.0138,  0.0267],
         [ 0.0172,  0.0004, -0.0519]],

        [[-0.0604, -0.0062, -0.0004],
         [ 0.0785,  0.0095, -0.0207],
         [ 0.0590, -0.0137, -0.0207]],

        [[ 0.0214, -0.0796, -0.0316],
         [ 0.0787, -0.0260, -0.0703],
         [-0.0518,  0.0146,  0.0661]],

        [[-0.0084,  0.0392, -0.0731],
         [-0.0274,  0.0488,  0.0450],
         [ 0.0408, -0.0710, -0.0137]],

        [[-0.0196,  0.0622,  0.0047],
         [ 0.0301, -0.0569,  0.0495],
         [-0.0298, -0.0477, -0.0538]],

        [[-0.0395, -0.0682,  0.0689],
         [-0.0381,  0.0496,  0.0152],
         [-0.0118,  0.0726,  0.0243]],

        [[ 0.0267,  0.0475,  0.0051],
         [-0.0534,  0.0348,  0.0641],
         [-0.0484, -0.0516,  0.0620]],

        [[-0.0588,  0.0731,  0.0598],
         [-0.0173, -0.0724,  0.0381],
         [ 0.0688,  0.0276, -0.0742]],

        [[ 0.0376, -0.0533, -0.0725],
         [-0.0140, -0.0347,  0.0111],
         [-0.0505,  0.0079,  0.0829]]])tensor([[[ 7.9032e-02, -5.2693e-02, -6.3025e-02],
         [-1.2822e-05,  2.0507e-02, -8.2197e-03],
         [-1.5154e-02, -7.0666e-02, -7.7871e-02]],

        [[-1.1022e-02,  2.0500e-03, -3.5722e-02],
         [-1.0206e-02, -6.8431e-02, -2.8291e-02],
         [-6.5554e-02, -3.7257e-02,  7.5514e-02]],

        [[-8.3323e-02, -6.2902e-02,  6.4554e-02],
         [ 1.5835e-02, -8.1890e-02, -5.1497e-02],
         [-2.4807e-02, -5.5861e-04, -4.8010e-02]],

        [[ 5.8725e-03, -5.3761e-02,  7.2054e-02],
         [ 2.2275e-02,  1.7821e-02, -3.6982e-02],
         [-8.0515e-02,  1.6632e-02,  6.9423e-02]],

        [[-2.1558e-02, -4.1101e-02, -1.5937e-03],
         [-4.1179e-02, -1.6614e-03,  7.7371e-02],
         [ 4.7018e-02,  6.9633e-02, -3.4020e-02]],

        [[ 4.8530e-02, -2.9965e-02,  2.3861e-02],
         [-4.3929e-02,  1.0598e-02,  4.6777e-02],
         [ 1.1547e-02,  4.2963e-02, -1.8642e-02]],

        [[ 2.3483e-02, -2.8673e-02,  6.2728e-02],
         [-3.7051e-02,  6.4989e-02,  1.6632e-02],
         [-3.5896e-02,  3.5674e-04,  4.9840e-02]],

        [[ 4.7713e-02, -5.9735e-02,  3.6947e-02],
         [-1.7752e-02,  7.1893e-02,  3.5954e-02],
         [-5.4971e-02, -3.2734e-02,  5.0379e-02]],

        [[ 4.0573e-02, -1.0511e-02,  3.3979e-02],
         [-5.6812e-02, -3.2211e-02, -7.1528e-04],
         [-1.0383e-02,  6.2143e-02,  3.3327e-03]],

        [[-5.5836e-02, -1.4654e-02,  7.2166e-02],
         [-4.6924e-02, -6.3657e-04, -5.0322e-02],
         [-1.4022e-02,  8.2676e-02,  5.5886e-02]],

        [[ 5.7940e-02, -2.0479e-02, -6.4379e-02],
         [-2.7047e-02,  2.0788e-02, -6.6830e-02],
         [ 1.9922e-02, -4.3859e-02,  2.1105e-02]],

        [[ 1.0332e-02,  6.9419e-02, -5.8862e-02],
         [-5.5350e-02,  4.1121e-02, -6.6507e-02],
         [-7.0880e-02, -4.1431e-02,  3.7202e-02]],

        [[-2.1676e-02, -4.3211e-02, -8.8934e-03],
         [-3.6316e-02, -8.0874e-02,  1.4233e-02],
         [-4.3121e-03,  5.3651e-02, -6.3387e-02]],

        [[ 1.0605e-02,  2.5444e-02, -6.2484e-02],
         [ 2.4013e-02,  1.9459e-02, -2.3018e-02],
         [ 4.9168e-02, -6.1016e-02,  5.1271e-02]],

        [[ 9.9174e-03,  1.6916e-02,  2.5447e-02],
         [-5.7340e-02,  7.3912e-02, -3.4940e-02],
         [ 3.8962e-02, -5.0281e-03,  1.4429e-02]],

        [[-2.1735e-02,  4.1164e-02, -4.1450e-02],
         [-3.6730e-02,  2.5260e-02, -5.7162e-03],
         [ 8.3217e-02, -1.2857e-02, -2.2812e-02]]])tensor([[[ 0.0387,  0.0474, -0.0349],
         [ 0.0344, -0.0738, -0.0718],
         [ 0.0780, -0.0784, -0.0750]],

        [[ 0.0293,  0.0604,  0.0797],
         [-0.0018,  0.0664, -0.0015],
         [-0.0798, -0.0126, -0.0534]],

        [[-0.0076, -0.0428,  0.0602],
         [-0.0038, -0.0509,  0.0237],
         [ 0.0332,  0.0533,  0.0269]],

        [[-0.0701,  0.0275, -0.0646],
         [-0.0003,  0.0538, -0.0410],
         [-0.0599, -0.0605, -0.0159]],

        [[-0.0537,  0.0116,  0.0124],
         [-0.0637, -0.0037,  0.0752],
         [-0.0812,  0.0193, -0.0699]],

        [[ 0.0754, -0.0812,  0.0577],
         [ 0.0585,  0.0591, -0.0414],
         [-0.0202, -0.0203, -0.0097]],

        [[-0.0133, -0.0450, -0.0250],
         [-0.0770,  0.0356,  0.0728],
         [ 0.0790, -0.0297, -0.0445]],

        [[ 0.0585, -0.0431, -0.0641],
         [ 0.0043,  0.0435, -0.0562],
         [-0.0313, -0.0006,  0.0700]],

        [[-0.0237,  0.0277,  0.0319],
         [-0.0350, -0.0424, -0.0789],
         [-0.0005,  0.0035,  0.0094]],

        [[ 0.0773, -0.0775,  0.0044],
         [-0.0378, -0.0079,  0.0112],
         [-0.0225, -0.0809, -0.0148]],

        [[ 0.0232,  0.0613, -0.0645],
         [-0.0074,  0.0525, -0.0815],
         [-0.0350,  0.0427,  0.0098]],

        [[ 0.0003, -0.0624, -0.0603],
         [ 0.0115, -0.0202, -0.0746],
         [ 0.0755,  0.0339, -0.0141]],

        [[-0.0316, -0.0451, -0.0384],
         [ 0.0082,  0.0308, -0.0191],
         [ 0.0709,  0.0724,  0.0119]],

        [[ 0.0444, -0.0098, -0.0003],
         [ 0.0458,  0.0664,  0.0224],
         [ 0.0369, -0.0130, -0.0570]],

        [[-0.0455, -0.0466, -0.0713],
         [-0.0607,  0.0141, -0.0003],
         [ 0.0648,  0.0467, -0.0033]],

        [[-0.0418, -0.0723,  0.0344],
         [-0.0420, -0.0435,  0.0430],
         [-0.0210, -0.0592,  0.0415]]])tensor([[[-0.0762, -0.0263,  0.0779],
         [ 0.0754,  0.0802,  0.0051],
         [ 0.0554,  0.0121,  0.0177]],

        [[ 0.0313, -0.0446,  0.0660],
         [-0.0291,  0.0668, -0.0115],
         [-0.0741,  0.0519, -0.0140]],

        [[-0.0528,  0.0325, -0.0525],
         [-0.0641,  0.0380,  0.0574],
         [-0.0768, -0.0169,  0.0262]],

        [[-0.0831,  0.0580,  0.0167],
         [ 0.0303, -0.0181, -0.0333],
         [ 0.0749, -0.0830,  0.0099]],

        [[ 0.0112,  0.0791, -0.0100],
         [-0.0069, -0.0203,  0.0215],
         [-0.0301, -0.0726, -0.0734]],

        [[-0.0525,  0.0757, -0.0200],
         [ 0.0219,  0.0265, -0.0727],
         [ 0.0659,  0.0457,  0.0277]],

        [[-0.0643,  0.0332, -0.0504],
         [-0.0059,  0.0209, -0.0517],
         [ 0.0404,  0.0275, -0.0189]],

        [[-0.0071, -0.0721,  0.0321],
         [-0.0286, -0.0673,  0.0650],
         [-0.0752, -0.0635, -0.0301]],

        [[-0.0073, -0.0062,  0.0547],
         [-0.0477, -0.0659,  0.0369],
         [-0.0039, -0.0606, -0.0034]],

        [[-0.0074,  0.0798, -0.0529],
         [ 0.0530,  0.0729,  0.0114],
         [-0.0072, -0.0790,  0.0593]],

        [[ 0.0367,  0.0230, -0.0097],
         [-0.0083, -0.0715,  0.0269],
         [-0.0670,  0.0651,  0.0214]],

        [[ 0.0603,  0.0791, -0.0037],
         [-0.0133,  0.0679, -0.0464],
         [-0.0709,  0.0782,  0.0024]],

        [[ 0.0239,  0.0360,  0.0272],
         [-0.0284,  0.0652, -0.0833],
         [ 0.0745,  0.0029,  0.0359]],

        [[-0.0779,  0.0554, -0.0193],
         [ 0.0239,  0.0053,  0.0766],
         [-0.0172,  0.0641,  0.0031]],

        [[ 0.0247,  0.0190, -0.0240],
         [-0.0645, -0.0725,  0.0812],
         [-0.0769, -0.0191, -0.0795]],

        [[ 0.0824,  0.0366,  0.0138],
         [-0.0015, -0.0593, -0.0247],
         [ 0.0047,  0.0268,  0.0642]]])tensor([[[ 0.0401,  0.0393,  0.0066],
         [-0.0051,  0.0771,  0.0167],
         [-0.0825, -0.0214, -0.0143]],

        [[ 0.0271, -0.0646, -0.0569],
         [ 0.0711,  0.0148,  0.0396],
         [ 0.0199,  0.0808,  0.0568]],

        [[ 0.0747, -0.0029,  0.0311],
         [ 0.0496, -0.0329, -0.0671],
         [ 0.0607,  0.0225, -0.0067]],

        [[ 0.0793, -0.0347,  0.0041],
         [ 0.0402, -0.0483,  0.0123],
         [-0.0772,  0.0418, -0.0085]],

        [[-0.0684,  0.0560, -0.0761],
         [-0.0210,  0.0321,  0.0462],
         [-0.0230, -0.0562,  0.0769]],

        [[ 0.0491, -0.0637, -0.0257],
         [ 0.0207, -0.0679,  0.0564],
         [ 0.0109, -0.0377, -0.0243]],

        [[-0.0518, -0.0070,  0.0179],
         [-0.0287,  0.0241,  0.0086],
         [-0.0225,  0.0075,  0.0170]],

        [[-0.0812, -0.0143, -0.0114],
         [-0.0576,  0.0515,  0.0551],
         [ 0.0403, -0.0231, -0.0615]],

        [[-0.0292, -0.0238,  0.0016],
         [ 0.0319, -0.0192, -0.0421],
         [ 0.0067, -0.0473,  0.0526]],

        [[-0.0801,  0.0384, -0.0586],
         [-0.0324,  0.0509, -0.0606],
         [ 0.0804,  0.0461, -0.0418]],

        [[-0.0096,  0.0346, -0.0679],
         [ 0.0392, -0.0605,  0.0392],
         [ 0.0668, -0.0466, -0.0590]],

        [[-0.0822,  0.0424,  0.0291],
         [ 0.0105,  0.0518, -0.0764],
         [-0.0414, -0.0594, -0.0582]],

        [[-0.0833,  0.0583,  0.0284],
         [ 0.0298, -0.0607,  0.0305],
         [-0.0692,  0.0084,  0.0539]],

        [[-0.0117,  0.0433, -0.0746],
         [-0.0198, -0.0579, -0.0605],
         [-0.0505, -0.0793,  0.0064]],

        [[ 0.0263, -0.0151,  0.0365],
         [-0.0437,  0.0034, -0.0340],
         [-0.0139,  0.0221, -0.0688]],

        [[-0.0407,  0.0424, -0.0040],
         [-0.0135,  0.0135, -0.0270],
         [ 0.0821, -0.0820,  0.0729]]])tensor([[[ 0.0279,  0.0782, -0.0118],
         [-0.0824,  0.0282,  0.0051],
         [ 0.0731,  0.0402, -0.0080]],

        [[-0.0096, -0.0554, -0.0829],
         [-0.0126,  0.0337, -0.0444],
         [ 0.0365,  0.0415, -0.0703]],

        [[-0.0257,  0.0248,  0.0261],
         [ 0.0782,  0.0155, -0.0267],
         [ 0.0756,  0.0542, -0.0705]],

        [[ 0.0012,  0.0658,  0.0767],
         [-0.0290, -0.0789,  0.0273],
         [ 0.0607, -0.0751,  0.0502]],

        [[ 0.0318,  0.0028, -0.0717],
         [-0.0534,  0.0513,  0.0759],
         [-0.0812, -0.0125, -0.0715]],

        [[-0.0780,  0.0816, -0.0172],
         [ 0.0691, -0.0077,  0.0406],
         [-0.0795, -0.0039, -0.0132]],

        [[ 0.0701,  0.0788, -0.0423],
         [-0.0480,  0.0765,  0.0025],
         [-0.0159,  0.0027, -0.0283]],

        [[ 0.0496, -0.0634,  0.0383],
         [ 0.0280,  0.0779, -0.0234],
         [ 0.0095, -0.0356, -0.0089]],

        [[-0.0665, -0.0437,  0.0184],
         [-0.0167, -0.0190,  0.0273],
         [ 0.0637,  0.0482, -0.0466]],

        [[ 0.0313,  0.0225, -0.0511],
         [-0.0342,  0.0582, -0.0530],
         [-0.0406,  0.0411,  0.0607]],

        [[ 0.0298, -0.0461, -0.0249],
         [-0.0049,  0.0181,  0.0078],
         [-0.0299,  0.0470,  0.0780]],

        [[ 0.0700, -0.0508,  0.0753],
         [ 0.0118, -0.0674,  0.0581],
         [-0.0566,  0.0592,  0.0156]],

        [[ 0.0028,  0.0579, -0.0104],
         [-0.0132, -0.0542,  0.0641],
         [-0.0072, -0.0523,  0.0451]],

        [[ 0.0282,  0.0220, -0.0107],
         [-0.0017, -0.0558, -0.0199],
         [ 0.0201, -0.0336, -0.0131]],

        [[ 0.0754,  0.0023, -0.0015],
         [ 0.0603,  0.0115, -0.0684],
         [ 0.0447,  0.0023, -0.0403]],

        [[-0.0136, -0.0420, -0.0419],
         [-0.0254, -0.0464, -0.0206],
         [ 0.0563, -0.0073,  0.0193]]])tensor([[[ 0.0040, -0.0229, -0.0273],
         [-0.0669,  0.0171, -0.0429],
         [-0.0191, -0.0689,  0.0746]],

        [[-0.0399, -0.0172, -0.0726],
         [ 0.0027, -0.0653, -0.0496],
         [-0.0030,  0.0475, -0.0793]],

        [[-0.0597,  0.0046,  0.0781],
         [-0.0798, -0.0040,  0.0288],
         [ 0.0169,  0.0743,  0.0242]],

        [[-0.0521, -0.0570,  0.0524],
         [ 0.0575,  0.0819,  0.0781],
         [ 0.0650, -0.0534, -0.0375]],

        [[ 0.0116, -0.0620,  0.0094],
         [ 0.0106, -0.0677, -0.0174],
         [ 0.0391,  0.0613,  0.0638]],

        [[ 0.0762, -0.0244,  0.0042],
         [-0.0580, -0.0036, -0.0748],
         [ 0.0392,  0.0571,  0.0179]],

        [[ 0.0449,  0.0022, -0.0166],
         [-0.0817,  0.0220, -0.0072],
         [-0.0128,  0.0373,  0.0302]],

        [[ 0.0721,  0.0139, -0.0282],
         [-0.0480, -0.0032,  0.0226],
         [ 0.0711,  0.0752, -0.0388]],

        [[-0.0564,  0.0715, -0.0052],
         [-0.0818, -0.0522, -0.0170],
         [ 0.0199,  0.0575,  0.0801]],

        [[-0.0710, -0.0748,  0.0287],
         [-0.0258,  0.0231,  0.0265],
         [ 0.0650, -0.0129, -0.0703]],

        [[ 0.0525, -0.0716,  0.0731],
         [-0.0494,  0.0493,  0.0787],
         [-0.0212,  0.0013,  0.0478]],

        [[ 0.0236, -0.0247,  0.0621],
         [-0.0345,  0.0425, -0.0792],
         [-0.0724,  0.0488,  0.0639]],

        [[-0.0140,  0.0714, -0.0150],
         [-0.0781, -0.0561,  0.0368],
         [-0.0763, -0.0079, -0.0145]],

        [[ 0.0453, -0.0395,  0.0025],
         [ 0.0027,  0.0269,  0.0572],
         [-0.0062, -0.0430,  0.0529]],

        [[ 0.0734, -0.0439, -0.0102],
         [-0.0783,  0.0360, -0.0619],
         [-0.0413, -0.0073, -0.0796]],

        [[ 0.0579,  0.0018, -0.0219],
         [-0.0135, -0.0337,  0.0570],
         [-0.0564, -0.0400,  0.0299]]])tensor([[[-0.0506,  0.0355, -0.0168],
         [-0.0800,  0.0733,  0.0293],
         [ 0.0052, -0.0099,  0.0422]],

        [[ 0.0055, -0.0667, -0.0575],
         [ 0.0337,  0.0557, -0.0490],
         [ 0.0704,  0.0063, -0.0003]],

        [[-0.0019, -0.0689, -0.0451],
         [ 0.0709, -0.0291, -0.0321],
         [ 0.0072, -0.0738,  0.0092]],

        [[-0.0089,  0.0412,  0.0312],
         [-0.0062,  0.0356,  0.0628],
         [-0.0829, -0.0015, -0.0488]],

        [[-0.0256, -0.0756, -0.0701],
         [ 0.0573, -0.0020,  0.0403],
         [-0.0784, -0.0420, -0.0589]],

        [[-0.0199, -0.0255, -0.0502],
         [-0.0752, -0.0561,  0.0654],
         [ 0.0705, -0.0356,  0.0264]],

        [[-0.0265,  0.0463,  0.0350],
         [-0.0708,  0.0372, -0.0638],
         [-0.0329,  0.0212,  0.0232]],

        [[-0.0126,  0.0696, -0.0331],
         [ 0.0020,  0.0535,  0.0215],
         [ 0.0361, -0.0548, -0.0029]],

        [[ 0.0274, -0.0263, -0.0814],
         [-0.0252, -0.0789, -0.0009],
         [ 0.0410, -0.0343,  0.0702]],

        [[ 0.0209,  0.0304, -0.0465],
         [ 0.0246, -0.0662,  0.0316],
         [ 0.0192,  0.0369, -0.0389]],

        [[-0.0660,  0.0578,  0.0411],
         [ 0.0361,  0.0028, -0.0483],
         [-0.0747, -0.0037, -0.0831]],

        [[-0.0113, -0.0191,  0.0074],
         [ 0.0021,  0.0353,  0.0252],
         [-0.0104,  0.0623, -0.0465]],

        [[-0.0434, -0.0378, -0.0607],
         [ 0.0061,  0.0669,  0.0142],
         [ 0.0685,  0.0481, -0.0511]],

        [[-0.0604,  0.0517,  0.0231],
         [-0.0530,  0.0319,  0.0429],
         [ 0.0807,  0.0057, -0.0677]],

        [[-0.0730,  0.0296, -0.0341],
         [ 0.0358, -0.0404, -0.0668],
         [ 0.0723,  0.0144, -0.0726]],

        [[-0.0276,  0.0156, -0.0328],
         [ 0.0751,  0.0147,  0.0428],
         [-0.0478,  0.0130,  0.0808]]])tensor([[[ 0.0689, -0.0161, -0.0608],
         [-0.0766, -0.0621, -0.0488],
         [ 0.0010, -0.0155,  0.0131]],

        [[ 0.0190, -0.0498, -0.0590],
         [-0.0729, -0.0715,  0.0768],
         [-0.0309,  0.0548, -0.0362]],

        [[ 0.0540,  0.0013,  0.0277],
         [-0.0541, -0.0632,  0.0088],
         [ 0.0648,  0.0399, -0.0458]],

        [[-0.0494, -0.0451, -0.0599],
         [-0.0156, -0.0493,  0.0563],
         [-0.0091,  0.0201, -0.0306]],

        [[-0.0563, -0.0759, -0.0281],
         [-0.0211,  0.0819, -0.0151],
         [-0.0648, -0.0664,  0.0492]],

        [[-0.0213,  0.0308,  0.0439],
         [-0.0230,  0.0396,  0.0225],
         [ 0.0631, -0.0163,  0.0675]],

        [[-0.0474,  0.0688,  0.0298],
         [ 0.0811,  0.0798, -0.0780],
         [-0.0610, -0.0331,  0.0148]],

        [[-0.0377,  0.0559,  0.0459],
         [ 0.0592,  0.0571, -0.0817],
         [ 0.0653,  0.0769, -0.0733]],

        [[-0.0613, -0.0334,  0.0027],
         [ 0.0388, -0.0773, -0.0384],
         [ 0.0485, -0.0447,  0.0742]],

        [[-0.0233,  0.0378, -0.0774],
         [ 0.0156,  0.0110,  0.0320],
         [-0.0026,  0.0141,  0.0504]],

        [[ 0.0034, -0.0309, -0.0802],
         [-0.0781,  0.0181,  0.0021],
         [-0.0315, -0.0208, -0.0429]],

        [[ 0.0094, -0.0682, -0.0441],
         [ 0.0391,  0.0179, -0.0724],
         [-0.0739, -0.0208,  0.0614]],

        [[-0.0736, -0.0296, -0.0833],
         [ 0.0424, -0.0041, -0.0809],
         [-0.0068, -0.0502, -0.0353]],

        [[ 0.0234,  0.0041, -0.0530],
         [ 0.0441,  0.0219,  0.0789],
         [-0.0255,  0.0728, -0.0101]],

        [[ 0.0767, -0.0625,  0.0375],
         [ 0.0251, -0.0217, -0.0705],
         [-0.0542, -0.0158, -0.0764]],

        [[-0.0176, -0.0163,  0.0356],
         [-0.0337, -0.0346,  0.0658],
         [ 0.0300,  0.0761,  0.0292]]])tensor([[[ 0.0552,  0.0767, -0.0355],
         [ 0.0232,  0.0049, -0.0359],
         [-0.0211, -0.0039,  0.0660]],

        [[ 0.0361, -0.0469, -0.0822],
         [ 0.0015, -0.0373,  0.0569],
         [ 0.0578, -0.0729,  0.0560]],

        [[-0.0467, -0.0692,  0.0090],
         [ 0.0770, -0.0235, -0.0032],
         [ 0.0692,  0.0216, -0.0734]],

        [[-0.0760, -0.0230, -0.0468],
         [-0.0142, -0.0282, -0.0735],
         [ 0.0629, -0.0384, -0.0248]],

        [[ 0.0430,  0.0493, -0.0248],
         [-0.0064, -0.0328, -0.0018],
         [ 0.0188,  0.0680, -0.0581]],

        [[ 0.0173,  0.0827,  0.0717],
         [ 0.0730, -0.0767, -0.0756],
         [-0.0251, -0.0043, -0.0061]],

        [[-0.0121,  0.0556,  0.0020],
         [-0.0242, -0.0636,  0.0184],
         [-0.0134,  0.0414,  0.0215]],

        [[-0.0643,  0.0492,  0.0028],
         [-0.0637,  0.0798,  0.0456],
         [ 0.0322,  0.0317, -0.0547]],

        [[-0.0081,  0.0033, -0.0308],
         [ 0.0082,  0.0045, -0.0146],
         [ 0.0667, -0.0346, -0.0790]],

        [[-0.0214,  0.0615, -0.0766],
         [ 0.0271,  0.0312, -0.0080],
         [-0.0099, -0.0290, -0.0660]],

        [[-0.0616, -0.0078,  0.0130],
         [-0.0529,  0.0776,  0.0408],
         [-0.0583, -0.0351, -0.0391]],

        [[ 0.0788, -0.0401, -0.0372],
         [ 0.0696,  0.0616,  0.0324],
         [-0.0399,  0.0266, -0.0799]],

        [[-0.0832, -0.0118,  0.0407],
         [-0.0238, -0.0736,  0.0044],
         [-0.0142, -0.0069,  0.0523]],

        [[ 0.0133,  0.0154,  0.0483],
         [ 0.0503, -0.0189,  0.0608],
         [-0.0009,  0.0476,  0.0455]],

        [[ 0.0807,  0.0401,  0.0689],
         [-0.0600,  0.0294, -0.0402],
         [-0.0288, -0.0183,  0.0267]],

        [[ 0.0219, -0.0157,  0.0302],
         [ 0.0150,  0.0701, -0.0087],
         [-0.0452,  0.0497,  0.0135]]])tensor([[[-0.0659,  0.0348,  0.0578],
         [ 0.0816, -0.0506,  0.0682],
         [ 0.0097, -0.0021, -0.0576]],

        [[-0.0748, -0.0456,  0.0182],
         [ 0.0408,  0.0824, -0.0320],
         [-0.0285,  0.0699, -0.0004]],

        [[ 0.0824, -0.0225, -0.0241],
         [ 0.0753, -0.0582,  0.0371],
         [ 0.0371,  0.0517, -0.0744]],

        [[-0.0350, -0.0154, -0.0826],
         [-0.0676,  0.0569,  0.0828],
         [ 0.0821,  0.0065, -0.0165]],

        [[-0.0818, -0.0478,  0.0160],
         [ 0.0574, -0.0298, -0.0821],
         [ 0.0269,  0.0399,  0.0699]],

        [[ 0.0783, -0.0022,  0.0481],
         [-0.0804,  0.0405, -0.0445],
         [ 0.0339, -0.0831, -0.0072]],

        [[-0.0482,  0.0537, -0.0389],
         [ 0.0783, -0.0591, -0.0751],
         [-0.0008,  0.0496,  0.0585]],

        [[-0.0630,  0.0170, -0.0511],
         [ 0.0664,  0.0715,  0.0201],
         [ 0.0283, -0.0082, -0.0126]],

        [[ 0.0643, -0.0176,  0.0182],
         [-0.0221, -0.0125, -0.0319],
         [-0.0305,  0.0215, -0.0059]],

        [[ 0.0287,  0.0495,  0.0811],
         [ 0.0804, -0.0164, -0.0653],
         [ 0.0569, -0.0777, -0.0819]],

        [[-0.0826, -0.0222, -0.0199],
         [ 0.0419, -0.0261, -0.0133],
         [ 0.0256, -0.0321, -0.0222]],

        [[ 0.0449, -0.0124, -0.0290],
         [ 0.0543, -0.0274, -0.0772],
         [-0.0212,  0.0343, -0.0742]],

        [[-0.0455, -0.0599,  0.0166],
         [-0.0287,  0.0373, -0.0002],
         [-0.0487, -0.0688, -0.0115]],

        [[ 0.0427,  0.0331, -0.0574],
         [-0.0712, -0.0011,  0.0255],
         [-0.0461,  0.0493, -0.0395]],

        [[ 0.0668,  0.0307, -0.0573],
         [ 0.0068,  0.0215,  0.0448],
         [-0.0358, -0.0472,  0.0655]],

        [[-0.0202,  0.0174,  0.0799],
         [-0.0445,  0.0141,  0.0155],
         [ 0.0260,  0.0261, -0.0001]]])tensor([[[-0.0771, -0.0028, -0.0548],
         [ 0.0501,  0.0120, -0.0212],
         [ 0.0791, -0.0626,  0.0324]],

        [[-0.0074,  0.0376,  0.0366],
         [-0.0291,  0.0098,  0.0573],
         [ 0.0737, -0.0424, -0.0366]],

        [[-0.0356,  0.0085,  0.0414],
         [ 0.0276, -0.0477, -0.0490],
         [ 0.0264,  0.0363,  0.0322]],

        [[-0.0165,  0.0475, -0.0382],
         [-0.0444, -0.0032, -0.0788],
         [ 0.0689, -0.0126,  0.0567]],

        [[ 0.0314, -0.0683,  0.0490],
         [ 0.0300, -0.0728,  0.0240],
         [ 0.0785, -0.0061, -0.0385]],

        [[ 0.0371,  0.0518,  0.0378],
         [-0.0721,  0.0559, -0.0608],
         [ 0.0350, -0.0801,  0.0154]],

        [[ 0.0493,  0.0681,  0.0023],
         [ 0.0517, -0.0431,  0.0504],
         [-0.0802,  0.0071, -0.0330]],

        [[-0.0619, -0.0079, -0.0704],
         [-0.0788,  0.0829,  0.0312],
         [-0.0044,  0.0011,  0.0469]],

        [[-0.0216,  0.0279, -0.0272],
         [ 0.0560, -0.0353,  0.0544],
         [ 0.0568, -0.0588,  0.0337]],

        [[-0.0128, -0.0380, -0.0064],
         [ 0.0094, -0.0555,  0.0236],
         [-0.0153,  0.0540,  0.0178]],

        [[-0.0691, -0.0511, -0.0221],
         [-0.0491,  0.0573, -0.0616],
         [ 0.0121, -0.0201,  0.0342]],

        [[-0.0057,  0.0736,  0.0105],
         [-0.0016, -0.0649, -0.0539],
         [ 0.0445, -0.0288, -0.0688]],

        [[ 0.0718, -0.0325, -0.0389],
         [ 0.0255, -0.0218, -0.0057],
         [-0.0251,  0.0594,  0.0019]],

        [[-0.0155, -0.0735, -0.0618],
         [ 0.0080,  0.0221,  0.0269],
         [-0.0565,  0.0694, -0.0141]],

        [[ 0.0750,  0.0665,  0.0486],
         [-0.0816, -0.0390,  0.0190],
         [ 0.0111,  0.0680,  0.0008]],

        [[-0.0658, -0.0147,  0.0627],
         [ 0.0572,  0.0736,  0.0099],
         [-0.0137, -0.0237, -0.0022]]])tensor([[[-0.0188,  0.0590,  0.0747],
         [-0.0137, -0.0431,  0.0513],
         [-0.0193,  0.0337,  0.0607]],

        [[-0.0827, -0.0036, -0.0544],
         [ 0.0455,  0.0457, -0.0635],
         [ 0.0214, -0.0048, -0.0425]],

        [[ 0.0417,  0.0126, -0.0230],
         [ 0.0669,  0.0532,  0.0082],
         [ 0.0293,  0.0612, -0.0778]],

        [[ 0.0395, -0.0232,  0.0671],
         [-0.0271,  0.0026, -0.0743],
         [ 0.0085,  0.0558,  0.0576]],

        [[ 0.0101, -0.0767, -0.0463],
         [-0.0174,  0.0416,  0.0203],
         [ 0.0416, -0.0080,  0.0252]],

        [[-0.0687,  0.0679,  0.0776],
         [-0.0819,  0.0607,  0.0124],
         [ 0.0785,  0.0242, -0.0164]],

        [[ 0.0278,  0.0178, -0.0621],
         [ 0.0549,  0.0518,  0.0219],
         [ 0.0319, -0.0647,  0.0763]],

        [[ 0.0044,  0.0598, -0.0719],
         [-0.0267, -0.0119,  0.0081],
         [-0.0727, -0.0822, -0.0617]],

        [[-0.0406, -0.0080,  0.0172],
         [ 0.0348,  0.0154, -0.0686],
         [-0.0110, -0.0195, -0.0182]],

        [[-0.0664, -0.0553, -0.0728],
         [ 0.0293, -0.0008,  0.0714],
         [ 0.0058,  0.0666,  0.0557]],

        [[-0.0727,  0.0053, -0.0580],
         [-0.0715,  0.0827, -0.0573],
         [-0.0374, -0.0748,  0.0660]],

        [[ 0.0201,  0.0147,  0.0012],
         [-0.0535, -0.0702,  0.0007],
         [-0.0228, -0.0796, -0.0367]],

        [[ 0.0487, -0.0314, -0.0319],
         [-0.0054, -0.0626,  0.0112],
         [-0.0066, -0.0114, -0.0061]],

        [[-0.0506, -0.0360, -0.0274],
         [ 0.0815, -0.0041,  0.0637],
         [-0.0081, -0.0707, -0.0460]],

        [[ 0.0553, -0.0543,  0.0265],
         [ 0.0491, -0.0670,  0.0705],
         [-0.0519,  0.0177,  0.0814]],

        [[ 0.0391,  0.0416, -0.0109],
         [-0.0246, -0.0708, -0.0589],
         [ 0.0195,  0.0390, -0.0592]]])tensor([[[-0.0092,  0.0232, -0.0561],
         [-0.0342, -0.0630,  0.0349],
         [-0.0119,  0.0708, -0.0468]],

        [[ 0.0599,  0.0645, -0.0387],
         [-0.0278,  0.0268,  0.0009],
         [-0.0832,  0.0579, -0.0180]],

        [[ 0.0163,  0.0015,  0.0112],
         [-0.0238,  0.0227, -0.0216],
         [-0.0184, -0.0558, -0.0314]],

        [[ 0.0441,  0.0447, -0.0318],
         [ 0.0050, -0.0248,  0.0114],
         [-0.0194,  0.0045,  0.0585]],

        [[ 0.0561, -0.0409,  0.0413],
         [ 0.0101,  0.0691,  0.0250],
         [-0.0086,  0.0126, -0.0364]],

        [[ 0.0398,  0.0372,  0.0265],
         [ 0.0612, -0.0593, -0.0232],
         [ 0.0036,  0.0418, -0.0528]],

        [[-0.0566,  0.0656,  0.0228],
         [ 0.0024, -0.0351, -0.0672],
         [ 0.0036,  0.0712, -0.0269]],

        [[-0.0559,  0.0365, -0.0179],
         [-0.0237, -0.0814,  0.0811],
         [-0.0412, -0.0273,  0.0425]],

        [[ 0.0203,  0.0096,  0.0034],
         [ 0.0493, -0.0253,  0.0430],
         [ 0.0219, -0.0589, -0.0815]],

        [[-0.0139,  0.0455,  0.0511],
         [-0.0023,  0.0349,  0.0030],
         [ 0.0507, -0.0553,  0.0132]],

        [[ 0.0124, -0.0437,  0.0708],
         [-0.0539, -0.0694, -0.0536],
         [-0.0558, -0.0427, -0.0479]],

        [[-0.0213,  0.0167,  0.0556],
         [ 0.0261, -0.0677, -0.0124],
         [-0.0607,  0.0723,  0.0044]],

        [[ 0.0356, -0.0681, -0.0247],
         [-0.0590,  0.0599,  0.0206],
         [ 0.0609,  0.0083, -0.0359]],

        [[ 0.0772, -0.0618, -0.0716],
         [-0.0008,  0.0816, -0.0210],
         [-0.0696,  0.0580, -0.0402]],

        [[-0.0109, -0.0712,  0.0186],
         [-0.0152, -0.0007, -0.0540],
         [ 0.0747, -0.0603, -0.0368]],

        [[ 0.0431, -0.0800,  0.0422],
         [-0.0151,  0.0007, -0.0730],
         [ 0.0028,  0.0765,  0.0598]]])tensor([[[ 0.0190, -0.0113, -0.0378],
         [-0.0411,  0.0020, -0.0572],
         [ 0.0047, -0.0005,  0.0520]],

        [[ 0.0092, -0.0220, -0.0609],
         [ 0.0563, -0.0416,  0.0670],
         [ 0.0598,  0.0485,  0.0038]],

        [[ 0.0684,  0.0071,  0.0061],
         [ 0.0004, -0.0748, -0.0796],
         [ 0.0168, -0.0584,  0.0441]],

        [[ 0.0565, -0.0383, -0.0433],
         [ 0.0371, -0.0247, -0.0023],
         [-0.0108, -0.0568,  0.0516]],

        [[ 0.0179, -0.0596, -0.0745],
         [ 0.0586, -0.0640,  0.0271],
         [-0.0241, -0.0123, -0.0293]],

        [[-0.0321,  0.0452, -0.0629],
         [ 0.0235,  0.0811, -0.0282],
         [-0.0824, -0.0291,  0.0396]],

        [[ 0.0569, -0.0121,  0.0263],
         [ 0.0234,  0.0552,  0.0758],
         [ 0.0742,  0.0051,  0.0423]],

        [[-0.0432,  0.0257, -0.0819],
         [-0.0786,  0.0647,  0.0407],
         [ 0.0364,  0.0411,  0.0132]],

        [[ 0.0792, -0.0255, -0.0053],
         [-0.0816, -0.0639, -0.0804],
         [ 0.0095,  0.0580, -0.0049]],

        [[-0.0135, -0.0264, -0.0743],
         [ 0.0532,  0.0630,  0.0617],
         [ 0.0330,  0.0310,  0.0405]],

        [[ 0.0782, -0.0504,  0.0610],
         [-0.0673,  0.0284, -0.0136],
         [ 0.0578,  0.0237,  0.0712]],

        [[ 0.0246, -0.0366,  0.0338],
         [-0.0123, -0.0321,  0.0152],
         [ 0.0601,  0.0257, -0.0628]],

        [[-0.0197,  0.0475, -0.0039],
         [ 0.0336, -0.0135,  0.0645],
         [-0.0216,  0.0695, -0.0015]],

        [[ 0.0488,  0.0576, -0.0588],
         [-0.0246,  0.0740,  0.0155],
         [ 0.0481, -0.0667, -0.0354]],

        [[-0.0624, -0.0319, -0.0023],
         [-0.0471, -0.0798, -0.0253],
         [ 0.0142, -0.0347,  0.0302]],

        [[-0.0576,  0.0590, -0.0261],
         [ 0.0637,  0.0733, -0.0719],
         [ 0.0638, -0.0519, -0.0713]]])tensor([[[-0.0479,  0.0246,  0.0493],
         [ 0.0422,  0.0416,  0.0532],
         [-0.0052,  0.0654, -0.0152]],

        [[-0.0184,  0.0755,  0.0212],
         [-0.0794, -0.0232,  0.0427],
         [-0.0042,  0.0058,  0.0560]],

        [[-0.0610, -0.0688,  0.0649],
         [ 0.0697, -0.0148,  0.0257],
         [-0.0092, -0.0596, -0.0160]],

        [[ 0.0219,  0.0632,  0.0698],
         [ 0.0388,  0.0540, -0.0319],
         [-0.0188, -0.0458, -0.0729]],

        [[ 0.0315,  0.0831, -0.0369],
         [-0.0014, -0.0419, -0.0121],
         [ 0.0414, -0.0186, -0.0608]],

        [[ 0.0252, -0.0241,  0.0684],
         [ 0.0509,  0.0731,  0.0340],
         [-0.0074,  0.0101, -0.0760]],

        [[-0.0596,  0.0529, -0.0245],
         [-0.0291, -0.0604, -0.0628],
         [-0.0777,  0.0351,  0.0520]],

        [[-0.0414,  0.0089, -0.0073],
         [ 0.0291, -0.0054, -0.0234],
         [-0.0630, -0.0783,  0.0658]],

        [[ 0.0509,  0.0605,  0.0461],
         [ 0.0542, -0.0467, -0.0689],
         [-0.0621, -0.0182,  0.0260]],

        [[-0.0250,  0.0359,  0.0652],
         [ 0.0419, -0.0500, -0.0002],
         [-0.0585, -0.0054, -0.0060]],

        [[ 0.0388, -0.0386,  0.0800],
         [ 0.0555, -0.0329,  0.0485],
         [-0.0428, -0.0202, -0.0427]],

        [[-0.0259,  0.0205, -0.0402],
         [-0.0645, -0.0794,  0.0332],
         [ 0.0811,  0.0130, -0.0826]],

        [[-0.0347,  0.0069,  0.0783],
         [-0.0645,  0.0335,  0.0453],
         [ 0.0154, -0.0269, -0.0730]],

        [[ 0.0115, -0.0005,  0.0218],
         [ 0.0008, -0.0485, -0.0098],
         [ 0.0501,  0.0016,  0.0005]],

        [[ 0.0437, -0.0105,  0.0171],
         [ 0.0121,  0.0218, -0.0723],
         [-0.0698, -0.0607,  0.0106]],

        [[-0.0133, -0.0015, -0.0504],
         [ 0.0422, -0.0747,  0.0145],
         [ 0.0092,  0.0257,  0.0470]]])tensor([[[-1.1797e-02, -2.7900e-02, -7.3792e-02],
         [ 5.1738e-02, -5.8824e-02, -2.0884e-02],
         [-6.1455e-02, -2.7375e-02, -1.7291e-02]],

        [[-5.3261e-02,  4.5840e-02, -1.9121e-02],
         [-2.8226e-02,  2.1459e-02, -3.6880e-02],
         [ 9.5619e-03, -7.3695e-02,  2.9198e-02]],

        [[ 7.1666e-02,  6.9606e-02,  7.8074e-02],
         [-5.1891e-02, -4.9107e-05,  3.3916e-02],
         [ 1.7176e-02,  5.3426e-02,  2.4761e-02]],

        [[ 7.9512e-02, -4.8812e-02, -1.0707e-02],
         [ 8.0182e-02,  9.1369e-03, -5.1661e-02],
         [ 1.9575e-02, -7.2640e-02, -6.0892e-02]],

        [[ 6.9052e-02,  2.6257e-02, -7.6445e-02],
         [-3.8959e-03, -8.0098e-02, -4.6577e-03],
         [ 2.6489e-02, -7.6486e-02, -5.4362e-02]],

        [[ 5.7684e-02,  2.9154e-02, -2.2601e-03],
         [-4.5837e-02,  6.1724e-02,  1.8393e-03],
         [-8.0990e-03,  7.1573e-02, -1.3933e-02]],

        [[-8.0384e-02, -3.7090e-03, -4.7669e-02],
         [ 1.5106e-02,  2.2593e-02,  2.4582e-03],
         [-2.3116e-02, -5.4969e-03,  7.8349e-02]],

        [[ 6.5869e-02,  2.5639e-02,  3.8239e-03],
         [ 7.6115e-02, -7.0985e-02, -3.4919e-02],
         [ 5.5272e-02, -1.4721e-02, -5.1522e-03]],

        [[-5.7968e-03,  3.1239e-02, -7.7280e-02],
         [-5.5346e-02, -9.6754e-04,  3.4888e-02],
         [-5.8146e-02,  1.8284e-02,  2.2933e-02]],

        [[-5.9948e-02,  5.4791e-02, -1.9753e-02],
         [ 8.0773e-02,  3.1675e-02,  1.8011e-03],
         [ 2.4968e-02, -1.7478e-02,  1.7378e-02]],

        [[ 6.9719e-02,  6.2432e-02, -4.2382e-02],
         [-7.3084e-02, -1.7872e-02, -6.6748e-02],
         [-4.2099e-02,  3.6105e-02,  5.1220e-02]],

        [[-5.1092e-02,  7.7729e-02,  1.8773e-02],
         [-4.2940e-02,  3.6673e-02,  1.4336e-02],
         [ 4.3640e-02, -1.9851e-02,  7.3266e-02]],

        [[ 2.1915e-02,  1.0733e-02,  7.8275e-02],
         [-7.2903e-02,  4.7591e-02,  3.8066e-02],
         [ 1.5363e-02, -8.0278e-02, -8.1534e-03]],

        [[-1.9586e-02,  9.5670e-03, -5.4611e-03],
         [ 7.6928e-02, -3.0058e-03, -3.7289e-02],
         [-7.2095e-02, -1.8840e-02, -7.1283e-02]],

        [[-3.1186e-02, -6.8598e-02,  7.3982e-02],
         [-3.6912e-02, -2.0765e-02,  2.8232e-03],
         [-5.8726e-02,  7.5345e-02,  6.4097e-02]],

        [[ 2.4632e-02, -3.4008e-02, -3.2583e-02],
         [-2.8649e-04,  6.6414e-02, -1.7993e-02],
         [-2.6853e-02,  3.3886e-02, -5.8724e-02]]])tensor([[[-0.0773, -0.0524, -0.0090],
         [-0.0228,  0.0583,  0.0624],
         [ 0.0334, -0.0827, -0.0728]],

        [[ 0.0568,  0.0308, -0.0677],
         [ 0.0416,  0.0365, -0.0264],
         [-0.0037,  0.0361, -0.0247]],

        [[-0.0778,  0.0182,  0.0722],
         [-0.0621, -0.0516, -0.0764],
         [-0.0378,  0.0427,  0.0659]],

        [[ 0.0065, -0.0488, -0.0463],
         [-0.0644,  0.0025,  0.0613],
         [ 0.0599,  0.0514, -0.0462]],

        [[ 0.0447, -0.0515,  0.0259],
         [ 0.0719, -0.0795,  0.0205],
         [-0.0830,  0.0369, -0.0193]],

        [[ 0.0477, -0.0535, -0.0546],
         [-0.0439,  0.0822,  0.0441],
         [ 0.0474, -0.0661,  0.0599]],

        [[-0.0429, -0.0120, -0.0624],
         [ 0.0774, -0.0343, -0.0815],
         [ 0.0333, -0.0020, -0.0337]],

        [[ 0.0475,  0.0382,  0.0161],
         [ 0.0410, -0.0288,  0.0612],
         [ 0.0491,  0.0185, -0.0193]],

        [[-0.0067, -0.0541,  0.0045],
         [ 0.0170, -0.0276, -0.0316],
         [-0.0061, -0.0035, -0.0160]],

        [[-0.0592, -0.0561,  0.0207],
         [-0.0034,  0.0828,  0.0702],
         [-0.0316,  0.0770, -0.0338]],

        [[ 0.0268,  0.0362,  0.0153],
         [-0.0503, -0.0426,  0.0820],
         [-0.0112, -0.0780,  0.0241]],

        [[ 0.0372,  0.0193,  0.0422],
         [ 0.0262, -0.0209,  0.0585],
         [-0.0831,  0.0410, -0.0665]],

        [[ 0.0456, -0.0569, -0.0477],
         [-0.0432, -0.0255, -0.0580],
         [-0.0016, -0.0486, -0.0135]],

        [[-0.0407,  0.0302, -0.0735],
         [-0.0298, -0.0099, -0.0264],
         [-0.0478,  0.0004,  0.0250]],

        [[-0.0526, -0.0405, -0.0714],
         [-0.0166, -0.0245,  0.0467],
         [ 0.0504, -0.0701, -0.0029]],

        [[ 0.0572, -0.0773, -0.0625],
         [-0.0260, -0.0088, -0.0368],
         [-0.0674,  0.0040, -0.0202]]])tensor([[[ 0.0134,  0.0333, -0.0280],
         [-0.0517, -0.0466,  0.0732],
         [ 0.0314,  0.0223, -0.0047]],

        [[ 0.0721,  0.0047,  0.0251],
         [-0.0593, -0.0211,  0.0187],
         [-0.0420, -0.0388, -0.0729]],

        [[-0.0267, -0.0228, -0.0114],
         [ 0.0265, -0.0796,  0.0206],
         [-0.0569,  0.0391,  0.0566]],

        [[ 0.0051, -0.0401, -0.0012],
         [ 0.0455,  0.0024,  0.0270],
         [-0.0733,  0.0044, -0.0395]],

        [[-0.0468, -0.0453, -0.0177],
         [ 0.0060,  0.0670, -0.0285],
         [ 0.0077,  0.0597,  0.0473]],

        [[-0.0763, -0.0160,  0.0342],
         [-0.0539,  0.0479,  0.0247],
         [ 0.0063,  0.0092,  0.0067]],

        [[ 0.0279, -0.0248,  0.0819],
         [ 0.0095,  0.0090,  0.0507],
         [ 0.0790,  0.0494,  0.0820]],

        [[ 0.0165, -0.0245, -0.0807],
         [ 0.0370, -0.0570, -0.0560],
         [ 0.0488,  0.0263,  0.0242]],

        [[ 0.0137, -0.0029, -0.0462],
         [ 0.0815,  0.0472, -0.0195],
         [ 0.0513,  0.0796, -0.0824]],

        [[ 0.0119, -0.0271,  0.0587],
         [ 0.0487, -0.0671, -0.0318],
         [ 0.0685,  0.0600,  0.0117]],

        [[ 0.0795,  0.0753, -0.0173],
         [-0.0277,  0.0733, -0.0345],
         [-0.0575,  0.0487, -0.0429]],

        [[ 0.0547,  0.0655,  0.0587],
         [ 0.0204,  0.0812, -0.0382],
         [ 0.0484,  0.0733, -0.0740]],

        [[-0.0805, -0.0691, -0.0732],
         [ 0.0719, -0.0297, -0.0765],
         [ 0.0797,  0.0275,  0.0207]],

        [[-0.0459,  0.0642,  0.0027],
         [-0.0522,  0.0549,  0.0330],
         [-0.0267,  0.0062,  0.0648]],

        [[ 0.0380,  0.0560, -0.0350],
         [ 0.0343,  0.0149,  0.0550],
         [ 0.0621,  0.0083,  0.0217]],

        [[-0.0653,  0.0132,  0.0585],
         [-0.0366,  0.0292, -0.0766],
         [ 0.0624,  0.0290, -0.0215]]])tensor(-0.0588)tensor(-0.0343)tensor(0.0735)tensor(0.0060)tensor(0.0745)tensor(-0.0735)tensor(-0.0344)tensor(-0.0079)tensor(0.0161)tensor(-0.0710)tensor(-0.0645)tensor(0.0194)tensor(0.0789)tensor(-0.0490)tensor(-0.0409)tensor(-0.0335)tensor(0.0769)tensor(0.0342)tensor(0.0375)tensor(-0.0473)tensor(0.0170)tensor(0.0719)tensor(-0.0047)tensor(0.0254)tensor(-0.0217)tensor(0.0488)tensor(0.0208)tensor(-0.0286)tensor(-0.0423)tensor(0.0738)tensor(-0.0011)tensor(-0.0448)tensor([-0.0018, -0.0133,  0.0168,  ..., -0.0065,  0.0018,  0.0043])tensor([ 0.0206, -0.0206,  0.0147,  ..., -0.0208,  0.0192, -0.0018])tensor([-0.0130, -0.0132,  0.0099,  ...,  0.0105, -0.0175, -0.0055])tensor([-0.0045,  0.0170,  0.0101,  ...,  0.0185,  0.0181,  0.0078])tensor([ 0.0036,  0.0032,  0.0187,  ..., -0.0080, -0.0180,  0.0119])tensor([-0.0001, -0.0033, -0.0046,  ..., -0.0182,  0.0180, -0.0153])tensor([-0.0009, -0.0070, -0.0212,  ..., -0.0034, -0.0022, -0.0024])tensor([ 0.0032,  0.0093,  0.0157,  ...,  0.0023, -0.0182, -0.0033])tensor([ 0.0159,  0.0167,  0.0211,  ...,  0.0035, -0.0120,  0.0176])tensor([-0.0173,  0.0043,  0.0064,  ..., -0.0108, -0.0131,  0.0128])tensor([-0.0193,  0.0048, -0.0060,  ..., -0.0015,  0.0198,  0.0021])tensor([-0.0157,  0.0133, -0.0149,  ..., -0.0054,  0.0025, -0.0163])tensor([-0.0031,  0.0112,  0.0196,  ...,  0.0006,  0.0014,  0.0173])tensor([-0.0019,  0.0072, -0.0070,  ...,  0.0115, -0.0127,  0.0097])tensor([ 0.0110, -0.0028,  0.0173,  ...,  0.0220, -0.0062,  0.0092])tensor([-0.0210, -0.0168,  0.0160,  ...,  0.0030, -0.0011,  0.0169])tensor([ 0.0158,  0.0017, -0.0034,  ..., -0.0173,  0.0075,  0.0080])tensor([-0.0128, -0.0023, -0.0043,  ..., -0.0128, -0.0103, -0.0164])tensor([-0.0210, -0.0167,  0.0124,  ...,  0.0008, -0.0031,  0.0151])tensor([-0.0146, -0.0209, -0.0202,  ...,  0.0010, -0.0211, -0.0048])tensor([-0.0212, -0.0077, -0.0066,  ..., -0.0119, -0.0063, -0.0076])tensor([ 0.0218, -0.0161,  0.0205,  ...,  0.0069, -0.0212,  0.0215])tensor([ 0.0206, -0.0211, -0.0177,  ...,  0.0123, -0.0130,  0.0067])tensor([ 0.0181, -0.0042,  0.0196,  ...,  0.0215,  0.0008, -0.0215])tensor([ 0.0138,  0.0067,  0.0028,  ..., -0.0070,  0.0023, -0.0146])tensor([ 0.0037, -0.0020,  0.0106,  ..., -0.0138, -0.0174,  0.0201])tensor([-0.0087, -0.0181, -0.0134,  ..., -0.0117, -0.0068, -0.0026])tensor([ 0.0082, -0.0196, -0.0183,  ...,  0.0093, -0.0068,  0.0026])tensor([-0.0106, -0.0090, -0.0091,  ..., -0.0010,  0.0085, -0.0174])tensor([-0.0108, -0.0058,  0.0125,  ..., -0.0020, -0.0003,  0.0010])tensor([ 0.0090,  0.0139, -0.0154,  ...,  0.0210, -0.0142, -0.0020])tensor([ 0.0137, -0.0012, -0.0128,  ..., -0.0096,  0.0093,  0.0047])tensor([ 0.0036,  0.0183,  0.0130,  ...,  0.0187, -0.0196,  0.0198])tensor([-0.0183, -0.0213,  0.0217,  ..., -0.0179,  0.0048,  0.0050])tensor([-0.0205, -0.0175,  0.0005,  ..., -0.0073, -0.0020,  0.0018])tensor([ 0.0213,  0.0079,  0.0127,  ..., -0.0187, -0.0198,  0.0080])tensor([ 0.0013, -0.0105,  0.0149,  ...,  0.0063, -0.0071, -0.0013])tensor([ 0.0178, -0.0119, -0.0191,  ..., -0.0093,  0.0134,  0.0113])tensor([-5.9691e-03,  4.7034e-05, -1.3375e-02,  ...,  1.7620e-02,
         1.7436e-02,  1.2636e-02])tensor([-0.0028, -0.0031, -0.0074,  ..., -0.0004,  0.0205,  0.0018])tensor([ 0.0188,  0.0182, -0.0105,  ..., -0.0115,  0.0201,  0.0208])tensor([-0.0088, -0.0221, -0.0191,  ..., -0.0143, -0.0079,  0.0115])tensor([-0.0040, -0.0009,  0.0034,  ..., -0.0146, -0.0217, -0.0089])tensor([-0.0173,  0.0060, -0.0169,  ..., -0.0015,  0.0184, -0.0068])tensor([ 0.0051,  0.0048, -0.0101,  ...,  0.0125, -0.0135, -0.0043])tensor([ 0.0067, -0.0220,  0.0007,  ...,  0.0144, -0.0168, -0.0173])tensor([ 0.0055,  0.0026,  0.0089,  ..., -0.0180, -0.0101,  0.0041])tensor([ 0.0069,  0.0170, -0.0194,  ..., -0.0031,  0.0083,  0.0035])tensor([-6.1041e-03,  1.5226e-02, -3.2885e-03,  ..., -9.1826e-03,
        -1.4450e-02,  4.7596e-05])tensor([-0.0108,  0.0005, -0.0177,  ...,  0.0001, -0.0011,  0.0087])tensor([-0.0077,  0.0183,  0.0150,  ...,  0.0131,  0.0130,  0.0008])tensor([ 0.0178, -0.0095, -0.0106,  ..., -0.0217,  0.0107,  0.0043])tensor([ 0.0199,  0.0063,  0.0093,  ...,  0.0120, -0.0043,  0.0108])tensor([-0.0021,  0.0111,  0.0189,  ..., -0.0057,  0.0028,  0.0090])tensor([-0.0048, -0.0071, -0.0125,  ..., -0.0129, -0.0096, -0.0108])tensor([-0.0190,  0.0057,  0.0181,  ...,  0.0012, -0.0013, -0.0189])tensor([ 0.0187,  0.0142,  0.0058,  ..., -0.0140,  0.0121, -0.0114])tensor([-0.0059, -0.0145, -0.0148,  ..., -0.0116, -0.0172,  0.0147])tensor([-0.0166, -0.0084, -0.0111,  ..., -0.0113, -0.0157, -0.0042])tensor([-0.0183,  0.0061,  0.0074,  ...,  0.0089, -0.0171, -0.0142])tensor([-0.0162, -0.0065, -0.0040,  ..., -0.0161, -0.0065, -0.0106])tensor([-0.0107,  0.0220,  0.0065,  ..., -0.0023, -0.0063, -0.0060])tensor([-0.0067,  0.0061,  0.0060,  ...,  0.0082, -0.0035, -0.0116])tensor([-0.0003, -0.0028, -0.0069,  ...,  0.0123,  0.0173, -0.0092])tensor(0.0093)tensor(0.0219)tensor(-0.0029)tensor(-0.0180)tensor(-0.0079)tensor(0.0136)tensor(-0.0146)tensor(0.0171)tensor(0.0044)tensor(-0.0174)tensor(-0.0205)tensor(0.0078)tensor(-0.0063)tensor(-0.0062)tensor(-0.0019)tensor(-0.0137)tensor(-0.0189)tensor(-0.0158)tensor(-0.0164)tensor(0.0059)tensor(-0.0097)tensor(0.0083)tensor(-0.0023)tensor(-0.0078)tensor(-0.0165)tensor(-0.0011)tensor(-0.0194)tensor(0.0149)tensor(-0.0020)tensor(-0.0155)tensor(-0.0194)tensor(-0.0001)tensor(-0.0181)tensor(0.0147)tensor(0.0070)tensor(0.0060)tensor(0.0039)tensor(-0.0040)tensor(-0.0084)tensor(0.0147)tensor(0.0181)tensor(0.0089)tensor(0.0133)tensor(0.0095)tensor(-0.0151)tensor(-0.0068)tensor(0.0097)tensor(-0.0206)tensor(0.0168)tensor(0.0146)tensor(-0.0150)tensor(-0.0032)tensor(0.0016)tensor(0.0003)tensor(0.0047)tensor(0.0201)tensor(0.0117)tensor(0.0188)tensor(0.0059)tensor(-0.0162)tensor(0.0209)tensor(-0.0130)tensor(-0.0117)tensor(0.0124)tensor([-0.0247, -0.0867,  0.0636,  0.0468,  0.0523,  0.1233, -0.0180,  0.1224,
         0.1033,  0.1142, -0.0641,  0.0176,  0.0004,  0.0415, -0.0020,  0.1008,
        -0.1022,  0.0545,  0.0493, -0.0659,  0.1218, -0.0936, -0.0231,  0.0391,
         0.0707, -0.1023,  0.0297, -0.0811,  0.0838, -0.0131,  0.0782, -0.0032,
         0.0199, -0.0829, -0.0586, -0.0938,  0.0852, -0.0667, -0.0681,  0.0965,
         0.0745,  0.0802,  0.0908,  0.0811, -0.0112, -0.0927, -0.1008, -0.1140,
        -0.0399,  0.0209, -0.1181,  0.0346,  0.0997,  0.0637, -0.0503,  0.0350,
        -0.0008, -0.0046, -0.0517,  0.0596, -0.0390,  0.0806,  0.0953, -0.0641])tensor([-0.0434, -0.0012, -0.0107, -0.0332, -0.0249, -0.0581,  0.0411, -0.0862,
        -0.0844,  0.0291,  0.1196,  0.0175, -0.0633, -0.0614,  0.0935,  0.1137,
         0.0491,  0.0420,  0.0358, -0.1003,  0.0194, -0.1046,  0.0569,  0.0932,
        -0.0425, -0.0028,  0.0804, -0.0142, -0.0174, -0.0524, -0.0550, -0.1223,
        -0.0510,  0.0905, -0.0703,  0.0730, -0.0268, -0.0431, -0.1150,  0.1056,
         0.1033,  0.1049,  0.0717,  0.1107, -0.0363, -0.0735,  0.0827,  0.0745,
        -0.0707,  0.0510, -0.0228, -0.0426,  0.0119, -0.0196,  0.0372,  0.0726,
        -0.0643, -0.0012, -0.0668, -0.0446,  0.1125,  0.0506, -0.0785,  0.0642])tensor([ 0.0728, -0.0853, -0.1087,  0.0713, -0.0972, -0.0760,  0.0595, -0.0460,
        -0.0257,  0.0470, -0.1027, -0.0931,  0.0811,  0.0464,  0.0993, -0.0607,
         0.0400, -0.0447, -0.0315,  0.0877, -0.0360,  0.0254, -0.0792, -0.1007,
         0.0196,  0.0344,  0.0401,  0.0423,  0.0133, -0.0236,  0.1144, -0.0336,
         0.0661,  0.0867,  0.0374, -0.1202, -0.0804, -0.0333, -0.1133, -0.0127,
        -0.0776, -0.0507, -0.0670,  0.0283,  0.1110, -0.0820, -0.1077, -0.0375,
         0.0997, -0.0946,  0.0318, -0.0953, -0.0345,  0.0941,  0.0559, -0.0350,
        -0.0771,  0.0597, -0.0265, -0.0610,  0.0917, -0.0433, -0.1244, -0.0770])tensor([-0.1024, -0.0050, -0.0314,  0.0087, -0.0542, -0.0706, -0.0351,  0.0740,
        -0.0228,  0.1163, -0.0272,  0.0948, -0.0031, -0.0838,  0.1080, -0.1075,
         0.0870, -0.1032,  0.0889,  0.0869,  0.0363,  0.1103,  0.0357,  0.0802,
        -0.0682,  0.1226,  0.0212, -0.0648,  0.0320, -0.0176, -0.1082,  0.0907,
         0.0563,  0.0235,  0.0257, -0.1048,  0.0124, -0.0759, -0.0359,  0.0596,
        -0.0442,  0.0357, -0.0988,  0.0662,  0.0110, -0.1049, -0.0790,  0.1222,
         0.0575,  0.0872,  0.0240,  0.0370, -0.0733, -0.0548,  0.0867, -0.0455,
         0.0748,  0.0075, -0.0093,  0.0541, -0.0533, -0.0501, -0.0951,  0.0934])tensor([-0.0229,  0.0103, -0.0736, -0.0492,  0.1245,  0.0245,  0.0794, -0.0982,
        -0.0655, -0.0502,  0.1202,  0.1031, -0.1064,  0.0991, -0.0476, -0.0317,
        -0.0779, -0.0602, -0.0281,  0.0180, -0.0686, -0.0618, -0.0986,  0.0143,
         0.0625, -0.1078, -0.0185, -0.0995,  0.0285,  0.0277, -0.0626,  0.0563,
        -0.0868, -0.0096,  0.0187,  0.0670,  0.1220,  0.0466, -0.1139, -0.0043,
        -0.1149,  0.0052,  0.1057,  0.0443,  0.0745,  0.0244,  0.0136, -0.1060,
         0.1247, -0.0302,  0.0526,  0.0695,  0.1005, -0.1162, -0.0183,  0.1155,
         0.0344,  0.0198, -0.0521,  0.0236,  0.0292,  0.0652,  0.1026, -0.0074])tensor([ 0.0925,  0.1124, -0.0518,  0.0311,  0.0014,  0.0334,  0.0734, -0.0407,
        -0.1154,  0.0972,  0.1019, -0.0291,  0.0046,  0.1028,  0.0760, -0.0084,
        -0.1084,  0.0210, -0.0439, -0.0928, -0.0912,  0.0502,  0.0120, -0.0531,
        -0.0166, -0.0479,  0.0343,  0.0948,  0.0557, -0.1132,  0.1049, -0.1044,
        -0.0703, -0.1134, -0.0868,  0.0222,  0.0277,  0.1178,  0.0899, -0.0487,
         0.1077, -0.0805, -0.0876,  0.0154, -0.0783,  0.0170, -0.0511,  0.0099,
        -0.0741, -0.1117,  0.0767,  0.1050, -0.1126,  0.0079,  0.0054, -0.0080,
         0.1231,  0.0736, -0.0132,  0.0793, -0.1166, -0.1222,  0.0332,  0.0972])tensor([-0.0129,  0.1080, -0.0206,  0.0126,  0.0811,  0.1044,  0.0218,  0.1191,
        -0.0185, -0.0824, -0.0968,  0.0471, -0.1188,  0.0169,  0.0166,  0.0839,
        -0.0933, -0.0771, -0.0901, -0.0163,  0.0809,  0.0501, -0.0017, -0.0354,
        -0.0200, -0.0822, -0.0513, -0.0759, -0.0692, -0.1050, -0.0693, -0.1036,
        -0.0325, -0.0356, -0.0574, -0.0201,  0.0215, -0.0846, -0.0761,  0.0962,
        -0.0447, -0.1144,  0.0677, -0.0558,  0.0123,  0.0101, -0.0481, -0.0677,
         0.1027,  0.0738,  0.0589,  0.0300, -0.0921, -0.0487,  0.0400, -0.0950,
         0.0647,  0.0562,  0.1089,  0.0764,  0.0843,  0.0588, -0.0800,  0.0015])tensor([ 0.0290, -0.0645,  0.0072, -0.1022,  0.0263,  0.0717,  0.0143,  0.0143,
        -0.0379,  0.0090,  0.0178, -0.0756, -0.0429,  0.0606, -0.1130,  0.0426,
         0.1097, -0.0201, -0.1031,  0.1206,  0.0468, -0.0384, -0.0949,  0.0199,
         0.0768, -0.1048, -0.0391,  0.0164,  0.0418,  0.0945,  0.1106,  0.1098,
         0.0823,  0.0415,  0.0410,  0.0395,  0.0066,  0.1234, -0.1175,  0.0659,
         0.0756, -0.0772, -0.0765,  0.0446,  0.0885,  0.0624, -0.0013,  0.1185,
        -0.1174, -0.0410, -0.0685, -0.0468,  0.1114,  0.1166,  0.0246, -0.0723,
        -0.0258,  0.0876, -0.0634,  0.0734,  0.1193,  0.0901,  0.0663,  0.0892])tensor([ 0.0789, -0.0576,  0.0285, -0.0227,  0.0700,  0.0288,  0.1152, -0.0900,
        -0.0440,  0.0694, -0.0783,  0.0846, -0.0194, -0.0259,  0.1045,  0.0511,
        -0.1214, -0.0963,  0.0889, -0.0790, -0.0371, -0.0886, -0.0701, -0.0794,
        -0.0040,  0.0625, -0.0422, -0.1119, -0.0427, -0.0202,  0.0241, -0.0568,
         0.0619, -0.0710,  0.0931,  0.0501, -0.0373,  0.0004,  0.0064,  0.0167,
         0.0172,  0.0838, -0.0519,  0.1010, -0.0519, -0.0124,  0.0053, -0.0081,
        -0.1116, -0.0161, -0.1075,  0.0855, -0.1040,  0.1069,  0.0847,  0.0177,
        -0.0399,  0.0330,  0.0935,  0.0155,  0.1032, -0.0654,  0.0354,  0.0704])tensor([ 0.1136,  0.0760,  0.1156, -0.1162, -0.0642,  0.1200, -0.0661, -0.0394,
         0.0619,  0.0229, -0.0104, -0.0326, -0.1241, -0.0839,  0.1183, -0.0008,
         0.0999, -0.0588, -0.0359,  0.0717, -0.0593, -0.0109, -0.0905,  0.0419,
         0.1205, -0.0188,  0.0875, -0.0753,  0.0655, -0.0147,  0.0571,  0.0318,
         0.0052,  0.0783, -0.0534,  0.0271, -0.0550,  0.0945,  0.0555,  0.0413,
         0.0457, -0.1239,  0.1048,  0.1185,  0.0761,  0.0561,  0.0713,  0.1029,
        -0.0246, -0.1137, -0.0647,  0.0099, -0.0371,  0.0107, -0.0093,  0.0307,
         0.1193,  0.0473,  0.0622, -0.0343, -0.0031, -0.0802,  0.1191, -0.0830])tensor(-0.0558)tensor(0.0446)tensor(-0.0547)tensor(0.0037)tensor(0.0379)tensor(0.0125)tensor(-0.0048)tensor(0.0172)tensor(0.0084)tensor(-0.0396)