OrderedDict([('conv1.bias', tensor([-0.0411,  0.1657, -0.1896, -0.0294,  0.1059,  0.1281, -0.1805, -0.1133,
        -0.1877,  0.0082,  0.1885, -0.0462,  0.1213, -0.1184, -0.1435, -0.0273])), ('conv1.weight_orig', tensor([[[[-0.0370, -0.0136, -0.1332],
          [-0.0932, -0.1683, -0.1274],
          [-0.1263,  0.1672,  0.0855]],

         [[-0.1058,  0.1811, -0.1378],
          [-0.1185, -0.0422, -0.0056],
          [ 0.1529,  0.0366, -0.1838]],

         [[-0.0395, -0.0392, -0.1552],
          [-0.1701,  0.1712, -0.0758],
          [ 0.0276,  0.0964,  0.0249]]],


        [[[-0.1140, -0.0213, -0.0540],
          [ 0.1239, -0.1082,  0.1661],
          [-0.0909, -0.0006, -0.1568]],

         [[ 0.0008,  0.1684,  0.0575],
          [ 0.0806,  0.0756,  0.1752],
          [-0.1566,  0.1436, -0.0214]],

         [[-0.0716,  0.1017,  0.0793],
          [ 0.1512, -0.0650,  0.0610],
          [-0.1887, -0.1752, -0.1360]]],


        [[[-0.1182,  0.0747,  0.0565],
          [ 0.0718,  0.0794, -0.1715],
          [ 0.1642,  0.1869,  0.1597]],

         [[ 0.0827,  0.1581,  0.0745],
          [-0.1066, -0.1424,  0.0674],
          [ 0.0691, -0.0944,  0.0579]],

         [[ 0.0922, -0.1919, -0.1612],
          [-0.0200, -0.1059, -0.0793],
          [-0.1101, -0.0526,  0.0421]]],


        [[[-0.0278, -0.1576, -0.0267],
          [-0.0357, -0.1143,  0.1142],
          [ 0.1317, -0.1777, -0.0531]],

         [[-0.1087,  0.0255,  0.1857],
          [-0.1049, -0.1731,  0.0871],
          [ 0.0406,  0.0923,  0.0053]],

         [[ 0.1685, -0.0312, -0.1642],
          [ 0.0446,  0.0824,  0.0727],
          [ 0.1577, -0.1120, -0.1645]]],


        [[[ 0.1669, -0.1313,  0.1107],
          [ 0.0363,  0.0456,  0.1697],
          [-0.1664, -0.0906, -0.1471]],

         [[ 0.1480, -0.0742,  0.0305],
          [ 0.0922, -0.0892, -0.0202],
          [-0.1853, -0.1901, -0.1060]],

         [[-0.1771, -0.0078, -0.1794],
          [-0.1794, -0.1286, -0.1535],
          [-0.0599,  0.0036,  0.0156]]],


        [[[ 0.0996,  0.1401,  0.1094],
          [ 0.1057,  0.1576, -0.1368],
          [-0.1363, -0.1200,  0.0325]],

         [[-0.0271, -0.0555, -0.0819],
          [ 0.1406,  0.0093,  0.1873],
          [-0.1301, -0.1762, -0.1588]],

         [[-0.0559, -0.1425, -0.0154],
          [ 0.0095,  0.0437,  0.0335],
          [ 0.0851,  0.1406,  0.1469]]],


        [[[ 0.1017, -0.0309,  0.0549],
          [ 0.1565, -0.0494,  0.0962],
          [ 0.1724,  0.0031, -0.0183]],

         [[-0.0149, -0.0499, -0.0643],
          [-0.1064,  0.0508,  0.1672],
          [-0.0470,  0.1021,  0.1348]],

         [[-0.1078,  0.1560, -0.0938],
          [-0.1447,  0.1001,  0.0889],
          [-0.1800,  0.0819, -0.1009]]],


        [[[-0.0841,  0.0356, -0.1345],
          [ 0.1852,  0.0728, -0.0078],
          [-0.0950,  0.0633, -0.1334]],

         [[-0.0307,  0.1277, -0.1214],
          [ 0.1174, -0.0354, -0.1918],
          [-0.1478,  0.0244,  0.0466]],

         [[ 0.0572,  0.0727,  0.1457],
          [-0.1044, -0.1875,  0.0998],
          [ 0.1069,  0.0938,  0.0890]]],


        [[[-0.1613,  0.1271,  0.1048],
          [-0.0678, -0.1890,  0.0256],
          [ 0.0524,  0.0921, -0.1771]],

         [[ 0.1827, -0.0754,  0.0319],
          [-0.0176, -0.1010, -0.1403],
          [ 0.1075, -0.1265,  0.1647]],

         [[-0.0087,  0.1723, -0.1888],
          [-0.0533,  0.0433,  0.0002],
          [ 0.0744,  0.1371, -0.0976]]],


        [[[-0.1280,  0.0953, -0.0911],
          [ 0.0788, -0.0712, -0.1650],
          [ 0.1810,  0.1875,  0.0101]],

         [[ 0.1313,  0.0192,  0.1392],
          [-0.0772, -0.1829,  0.0194],
          [ 0.0460, -0.1267,  0.0141]],

         [[ 0.0316,  0.0374, -0.1428],
          [ 0.1823,  0.0366,  0.1659],
          [ 0.0254, -0.1826,  0.0427]]],


        [[[-0.0570, -0.0660, -0.0406],
          [ 0.0202,  0.1243,  0.1596],
          [ 0.1055,  0.0397,  0.0024]],

         [[ 0.0298, -0.1004,  0.1318],
          [-0.1556, -0.0389, -0.0515],
          [-0.1213,  0.0840,  0.1661]],

         [[-0.1597, -0.1781, -0.0174],
          [ 0.0868,  0.1174, -0.1063],
          [ 0.1624, -0.0035, -0.0626]]],


        [[[-0.1238, -0.0179, -0.1783],
          [ 0.0138, -0.0087, -0.0982],
          [-0.0270,  0.1213, -0.0219]],

         [[ 0.0302,  0.1828,  0.1479],
          [ 0.1668, -0.1442, -0.0955],
          [ 0.0379, -0.1785,  0.0560]],

         [[-0.1011, -0.1471, -0.0798],
          [ 0.1054, -0.1295, -0.1783],
          [ 0.1253,  0.0192, -0.0836]]],


        [[[-0.1763, -0.1771,  0.0805],
          [ 0.0441, -0.1779, -0.0476],
          [ 0.1250,  0.0088,  0.1015]],

         [[ 0.1456,  0.0175, -0.0451],
          [ 0.1062, -0.0202,  0.0092],
          [ 0.0163, -0.1201, -0.1581]],

         [[ 0.1176,  0.1515,  0.0082],
          [ 0.0925, -0.0695,  0.0017],
          [ 0.0790,  0.0100, -0.0415]]],


        [[[ 0.1684, -0.0140, -0.0874],
          [ 0.1533, -0.1175, -0.1328],
          [-0.1516,  0.1120,  0.0954]],

         [[-0.1663,  0.0656,  0.1789],
          [ 0.0282, -0.1253, -0.0367],
          [ 0.1663,  0.1038,  0.0311]],

         [[-0.0401,  0.0998, -0.1126],
          [-0.1053,  0.1782, -0.0610],
          [-0.1440, -0.1115,  0.0205]]],


        [[[-0.0263, -0.1664, -0.0592],
          [-0.1676, -0.0852,  0.0220],
          [-0.1367, -0.1519, -0.0836]],

         [[-0.0485, -0.1662,  0.1816],
          [ 0.1436, -0.0621,  0.1895],
          [-0.0927,  0.0474,  0.1228]],

         [[-0.1625,  0.1306,  0.1417],
          [-0.0491,  0.1731,  0.0925],
          [ 0.0956,  0.1351, -0.1413]]],


        [[[-0.1528, -0.1920, -0.0234],
          [-0.1902, -0.0393,  0.0424],
          [-0.0810,  0.1802, -0.0555]],

         [[ 0.1249, -0.1923, -0.0010],
          [ 0.1642, -0.1900, -0.0876],
          [-0.1750, -0.0543, -0.0889]],

         [[ 0.1794,  0.0348, -0.0953],
          [ 0.1327, -0.1185,  0.1827],
          [-0.0655,  0.1258, -0.1008]]]])), ('conv1.weight_mask', tensor([[[[1., 1., 1.],
          [1., 1., 1.],
          [1., 1., 1.]],

         [[1., 1., 1.],
          [1., 1., 1.],
          [1., 1., 1.]],

         [[1., 1., 1.],
          [1., 1., 1.],
          [1., 1., 1.]]],


        [[[1., 1., 1.],
          [1., 1., 1.],
          [1., 1., 1.]],

         [[1., 1., 1.],
          [1., 1., 1.],
          [1., 1., 1.]],

         [[1., 1., 1.],
          [1., 1., 1.],
          [1., 1., 1.]]],


        [[[1., 1., 1.],
          [1., 1., 1.],
          [1., 1., 1.]],

         [[1., 1., 1.],
          [1., 1., 1.],
          [1., 1., 1.]],

         [[1., 1., 1.],
          [1., 1., 1.],
          [1., 1., 1.]]],


        [[[1., 1., 1.],
          [1., 1., 1.],
          [1., 1., 1.]],

         [[1., 1., 1.],
          [1., 1., 1.],
          [1., 1., 1.]],

         [[1., 1., 1.],
          [1., 1., 1.],
          [1., 1., 1.]]],


        [[[1., 1., 1.],
          [1., 1., 1.],
          [1., 1., 1.]],

         [[1., 1., 1.],
          [1., 1., 1.],
          [1., 1., 1.]],

         [[1., 1., 1.],
          [1., 1., 1.],
          [1., 1., 1.]]],


        [[[1., 1., 1.],
          [1., 1., 1.],
          [1., 1., 1.]],

         [[1., 1., 1.],
          [1., 1., 1.],
          [1., 1., 1.]],

         [[1., 1., 1.],
          [1., 1., 1.],
          [1., 1., 1.]]],


        [[[0., 0., 0.],
          [0., 0., 0.],
          [0., 0., 0.]],

         [[0., 0., 0.],
          [0., 0., 0.],
          [0., 0., 0.]],

         [[0., 0., 0.],
          [0., 0., 0.],
          [0., 0., 0.]]],


        [[[1., 1., 1.],
          [1., 1., 1.],
          [1., 1., 1.]],

         [[1., 1., 1.],
          [1., 1., 1.],
          [1., 1., 1.]],

         [[1., 1., 1.],
          [1., 1., 1.],
          [1., 1., 1.]]],


        [[[1., 1., 1.],
          [1., 1., 1.],
          [1., 1., 1.]],

         [[1., 1., 1.],
          [1., 1., 1.],
          [1., 1., 1.]],

         [[1., 1., 1.],
          [1., 1., 1.],
          [1., 1., 1.]]],


        [[[1., 1., 1.],
          [1., 1., 1.],
          [1., 1., 1.]],

         [[1., 1., 1.],
          [1., 1., 1.],
          [1., 1., 1.]],

         [[1., 1., 1.],
          [1., 1., 1.],
          [1., 1., 1.]]],


        [[[0., 0., 0.],
          [0., 0., 0.],
          [0., 0., 0.]],

         [[0., 0., 0.],
          [0., 0., 0.],
          [0., 0., 0.]],

         [[0., 0., 0.],
          [0., 0., 0.],
          [0., 0., 0.]]],


        [[[1., 1., 1.],
          [1., 1., 1.],
          [1., 1., 1.]],

         [[1., 1., 1.],
          [1., 1., 1.],
          [1., 1., 1.]],

         [[1., 1., 1.],
          [1., 1., 1.],
          [1., 1., 1.]]],


        [[[0., 0., 0.],
          [0., 0., 0.],
          [0., 0., 0.]],

         [[0., 0., 0.],
          [0., 0., 0.],
          [0., 0., 0.]],

         [[0., 0., 0.],
          [0., 0., 0.],
          [0., 0., 0.]]],


        [[[1., 1., 1.],
          [1., 1., 1.],
          [1., 1., 1.]],

         [[1., 1., 1.],
          [1., 1., 1.],
          [1., 1., 1.]],

         [[1., 1., 1.],
          [1., 1., 1.],
          [1., 1., 1.]]],


        [[[1., 1., 1.],
          [1., 1., 1.],
          [1., 1., 1.]],

         [[1., 1., 1.],
          [1., 1., 1.],
          [1., 1., 1.]],

         [[1., 1., 1.],
          [1., 1., 1.],
          [1., 1., 1.]]],


        [[[1., 1., 1.],
          [1., 1., 1.],
          [1., 1., 1.]],

         [[1., 1., 1.],
          [1., 1., 1.],
          [1., 1., 1.]],

         [[1., 1., 1.],
          [1., 1., 1.],
          [1., 1., 1.]]]])), ('conv2.bias', tensor([-0.0737,  0.0427, -0.0628,  0.0258, -0.0454,  0.0455,  0.0703,  0.0413,
        -0.0003,  0.0660, -0.0048,  0.0745,  0.0746,  0.0302, -0.0443,  0.0634,
         0.0534,  0.0177, -0.0301,  0.0004, -0.0025,  0.0587, -0.0533, -0.0537,
        -0.0279, -0.0808, -0.0387,  0.0136, -0.0747, -0.0257, -0.0334,  0.0042])), ('conv2.weight_orig', tensor([[[[ 6.2583e-02,  6.0206e-02, -2.8195e-02],
          [-5.7063e-02, -5.5070e-02,  2.7001e-02],
          [-5.4605e-02,  3.2789e-02, -6.3843e-02]],

         [[ 6.6975e-02, -6.5434e-02,  7.3093e-03],
          [-2.2824e-02,  1.9780e-03,  7.0511e-02],
          [ 1.9328e-02, -1.3356e-02, -5.8258e-02]],

         [[ 4.6001e-02,  7.2844e-02, -8.2366e-03],
          [ 5.4055e-02, -2.7444e-02,  4.1055e-02],
          [ 5.1731e-02, -7.3699e-02, -4.8849e-02]],

         ...,

         [[-7.5901e-02,  8.2444e-02,  7.9012e-03],
          [-7.2844e-02, -6.4204e-02,  1.9343e-02],
          [ 4.8816e-02, -3.1613e-02, -1.1875e-02]],

         [[-7.4310e-02,  3.6586e-02, -4.7263e-02],
          [-5.4622e-02,  6.0279e-02, -3.0443e-02],
          [ 7.7964e-02,  8.1428e-02,  3.2508e-03]],

         [[ 1.6161e-02,  2.8366e-02, -6.5682e-02],
          [-7.1383e-02,  2.3187e-02,  1.1634e-02],
          [ 3.1066e-02, -5.3872e-03,  3.0644e-02]]],


        [[[ 3.7826e-02,  8.0300e-02, -3.4145e-02],
          [ 8.2885e-02,  6.5097e-02,  8.0741e-02],
          [-7.1212e-02,  1.1181e-02,  1.4377e-02]],

         [[-1.0891e-02,  8.1034e-02,  4.6212e-02],
          [ 3.3666e-02, -2.9015e-02, -2.9088e-02],
          [ 1.8172e-02, -1.0873e-02, -6.0656e-02]],

         [[ 4.3467e-02, -7.8381e-02, -1.6026e-02],
          [-7.7571e-02, -3.4489e-03,  4.2841e-02],
          [ 2.5244e-03, -5.4444e-02,  5.4528e-02]],

         ...,

         [[ 8.0065e-02, -7.8654e-04,  3.8654e-02],
          [ 7.4472e-02, -5.4226e-02, -1.3855e-02],
          [-5.7472e-02, -7.7204e-02, -6.6771e-02]],

         [[-4.1986e-02,  4.2404e-02,  4.6242e-02],
          [ 1.8949e-02,  3.1983e-02,  8.1928e-02],
          [-4.3320e-02, -8.2042e-02,  2.9140e-02]],

         [[ 7.1788e-02, -1.3547e-02,  5.2202e-02],
          [ 5.4438e-02, -7.7604e-02, -2.2162e-02],
          [ 2.4117e-02,  2.4551e-02,  2.2013e-02]]],


        [[[ 6.5435e-02, -1.3080e-02,  2.7542e-02],
          [ 4.2132e-02, -1.2191e-03,  2.6241e-02],
          [ 3.4300e-02, -5.0347e-02,  5.1404e-02]],

         [[-3.3257e-02,  7.2317e-02,  1.7682e-03],
          [-6.2742e-02, -4.2840e-02, -1.6333e-02],
          [-7.9293e-02,  3.4434e-03,  5.2016e-03]],

         [[ 3.2661e-02,  1.2962e-02, -7.1336e-02],
          [-1.9742e-03,  3.5080e-03, -1.2429e-02],
          [ 9.2222e-03, -3.0372e-02, -4.1103e-02]],

         ...,

         [[ 5.0151e-02, -6.2551e-02,  8.7108e-03],
          [-8.2330e-02, -6.2959e-02, -1.4021e-02],
          [ 5.3855e-02, -3.8629e-02,  6.9852e-03]],

         [[-8.0618e-02,  5.1257e-02, -1.9340e-02],
          [-5.7968e-02,  3.5008e-02, -3.2644e-02],
          [-2.7630e-02,  5.6900e-02, -2.8128e-02]],

         [[-7.8449e-02, -3.5485e-02,  2.2824e-02],
          [-5.9659e-02,  4.7763e-02,  7.9889e-02],
          [-4.5285e-02, -7.8831e-02,  7.5327e-02]]],


        ...,


        [[[-1.6316e-02,  1.5708e-02, -7.6518e-02],
          [-5.6962e-02, -1.9146e-02,  7.5577e-02],
          [ 2.6004e-02, -1.0585e-02, -7.1342e-03]],

         [[ 1.8438e-02,  1.6083e-02, -5.5606e-02],
          [ 6.2039e-02, -1.9253e-02,  8.1318e-02],
          [ 6.3107e-02,  4.9863e-02, -2.4091e-02]],

         [[-2.0837e-02,  5.0570e-02,  8.2109e-02],
          [-2.5721e-02, -1.0545e-02,  5.7679e-02],
          [-5.0725e-02,  5.2303e-02, -6.4966e-02]],

         ...,

         [[ 1.3081e-03, -1.3988e-02, -2.9792e-02],
          [-7.1399e-02, -1.7100e-02,  8.0693e-02],
          [ 1.5931e-02,  3.9340e-02, -5.8351e-02]],

         [[-6.1281e-03,  9.6278e-03,  8.1116e-02],
          [ 6.7269e-02, -1.9226e-03, -1.1080e-02],
          [-8.2524e-02, -3.6340e-02,  4.2833e-02]],

         [[-4.7730e-02,  8.1852e-02,  1.9314e-02],
          [-4.6640e-02, -6.8074e-02, -5.3515e-02],
          [-6.1256e-03, -6.7435e-02,  6.4809e-02]]],


        [[[ 1.2777e-02, -2.1744e-02,  2.6256e-02],
          [ 6.2915e-02,  9.3508e-03, -5.5903e-02],
          [-4.0981e-03,  1.0051e-02, -8.0371e-02]],

         [[-6.0914e-02,  2.8821e-02, -1.9360e-02],
          [ 2.0094e-02,  5.1476e-03, -6.5209e-02],
          [ 4.1658e-02, -6.4658e-02, -7.4438e-02]],

         [[-4.3209e-02, -1.3199e-02,  2.8991e-02],
          [-7.4641e-02,  2.1045e-02,  3.4928e-02],
          [-2.2949e-02,  6.4590e-02,  3.4497e-02]],

         ...,

         [[-6.0725e-02,  5.3950e-02,  4.6641e-02],
          [ 1.6468e-02, -4.7433e-02,  9.7677e-06],
          [-8.1782e-02,  7.8530e-02,  1.1974e-02]],

         [[-3.4927e-02, -8.2928e-02, -4.4897e-02],
          [-1.7986e-02, -9.1304e-03,  4.7674e-02],
          [ 5.7066e-02, -7.6102e-02, -7.0168e-02]],

         [[ 1.6079e-02,  7.3130e-02, -3.8313e-02],
          [-7.6858e-02, -3.7956e-02, -3.2229e-02],
          [ 9.7953e-03, -2.7069e-02,  1.9632e-02]]],


        [[[ 8.1001e-02,  2.2188e-02,  7.8224e-02],
          [ 8.0411e-02,  6.5920e-02, -5.8995e-02],
          [ 4.6916e-02,  4.2995e-02, -5.9685e-02]],

         [[-6.9478e-03, -1.1377e-03,  4.5577e-02],
          [ 3.0656e-02,  9.7606e-03,  8.3234e-02],
          [ 7.6288e-02,  4.3685e-02,  1.1162e-02]],

         [[ 4.5576e-02,  3.3209e-02, -3.8706e-02],
          [ 3.3811e-02,  1.3245e-02, -6.2311e-02],
          [ 2.1147e-02, -2.9599e-02, -6.6509e-02]],

         ...,

         [[-1.6406e-02, -2.7969e-02, -1.8136e-02],
          [-6.9870e-02,  1.5360e-02,  8.0765e-04],
          [-5.7934e-02,  7.2896e-02,  5.1559e-02]],

         [[ 2.4171e-03, -6.8163e-03,  5.1796e-02],
          [ 6.6101e-02,  2.0732e-02, -5.6961e-02],
          [-6.2886e-04,  1.3442e-02,  3.5021e-02]],

         [[-6.0400e-02, -7.4045e-02,  2.5366e-02],
          [ 2.1817e-02, -1.1476e-02,  4.9134e-02],
          [-4.8436e-02, -6.2139e-02, -3.9330e-02]]]])), ('conv2.weight_mask', tensor([[[[1., 1., 1.],
          [1., 1., 1.],
          [1., 1., 1.]],

         [[1., 1., 1.],
          [1., 1., 1.],
          [1., 1., 1.]],

         [[1., 1., 1.],
          [1., 1., 1.],
          [1., 1., 1.]],

         ...,

         [[1., 1., 1.],
          [1., 1., 1.],
          [1., 1., 1.]],

         [[1., 1., 1.],
          [1., 1., 1.],
          [1., 1., 1.]],

         [[1., 1., 1.],
          [1., 1., 1.],
          [1., 1., 1.]]],


        [[[1., 1., 1.],
          [1., 1., 1.],
          [1., 1., 1.]],

         [[1., 1., 1.],
          [1., 1., 1.],
          [1., 1., 1.]],

         [[1., 1., 1.],
          [1., 1., 1.],
          [1., 1., 1.]],

         ...,

         [[1., 1., 1.],
          [1., 1., 1.],
          [1., 1., 1.]],

         [[1., 1., 1.],
          [1., 1., 1.],
          [1., 1., 1.]],

         [[1., 1., 1.],
          [1., 1., 1.],
          [1., 1., 1.]]],


        [[[0., 0., 0.],
          [0., 0., 0.],
          [0., 0., 0.]],

         [[0., 0., 0.],
          [0., 0., 0.],
          [0., 0., 0.]],

         [[0., 0., 0.],
          [0., 0., 0.],
          [0., 0., 0.]],

         ...,

         [[0., 0., 0.],
          [0., 0., 0.],
          [0., 0., 0.]],

         [[0., 0., 0.],
          [0., 0., 0.],
          [0., 0., 0.]],

         [[0., 0., 0.],
          [0., 0., 0.],
          [0., 0., 0.]]],


        ...,


        [[[1., 1., 1.],
          [1., 1., 1.],
          [1., 1., 1.]],

         [[1., 1., 1.],
          [1., 1., 1.],
          [1., 1., 1.]],

         [[1., 1., 1.],
          [1., 1., 1.],
          [1., 1., 1.]],

         ...,

         [[1., 1., 1.],
          [1., 1., 1.],
          [1., 1., 1.]],

         [[1., 1., 1.],
          [1., 1., 1.],
          [1., 1., 1.]],

         [[1., 1., 1.],
          [1., 1., 1.],
          [1., 1., 1.]]],


        [[[1., 1., 1.],
          [1., 1., 1.],
          [1., 1., 1.]],

         [[1., 1., 1.],
          [1., 1., 1.],
          [1., 1., 1.]],

         [[1., 1., 1.],
          [1., 1., 1.],
          [1., 1., 1.]],

         ...,

         [[1., 1., 1.],
          [1., 1., 1.],
          [1., 1., 1.]],

         [[1., 1., 1.],
          [1., 1., 1.],
          [1., 1., 1.]],

         [[1., 1., 1.],
          [1., 1., 1.],
          [1., 1., 1.]]],


        [[[1., 1., 1.],
          [1., 1., 1.],
          [1., 1., 1.]],

         [[1., 1., 1.],
          [1., 1., 1.],
          [1., 1., 1.]],

         [[1., 1., 1.],
          [1., 1., 1.],
          [1., 1., 1.]],

         ...,

         [[1., 1., 1.],
          [1., 1., 1.],
          [1., 1., 1.]],

         [[1., 1., 1.],
          [1., 1., 1.],
          [1., 1., 1.]],

         [[1., 1., 1.],
          [1., 1., 1.],
          [1., 1., 1.]]]])), ('fc1.bias', tensor([-0.0035,  0.0210,  0.0044, -0.0153,  0.0070,  0.0203, -0.0077, -0.0044,
         0.0197,  0.0079,  0.0149,  0.0112, -0.0086, -0.0023, -0.0056, -0.0119,
         0.0070,  0.0112,  0.0077,  0.0055,  0.0151, -0.0120, -0.0025, -0.0059,
         0.0217, -0.0188, -0.0181, -0.0192, -0.0018, -0.0206, -0.0182, -0.0064,
         0.0002, -0.0128, -0.0137,  0.0187,  0.0197, -0.0170, -0.0101,  0.0149,
        -0.0192,  0.0001, -0.0097, -0.0092,  0.0101,  0.0199, -0.0100, -0.0082,
         0.0192, -0.0138, -0.0204,  0.0220,  0.0117,  0.0059,  0.0067,  0.0155,
        -0.0142, -0.0161, -0.0076, -0.0160,  0.0135,  0.0185,  0.0058, -0.0098])), ('fc1.weight_orig', tensor([[ 0.0046,  0.0150, -0.0208,  ...,  0.0169,  0.0047, -0.0020],
        [-0.0044, -0.0015,  0.0050,  ..., -0.0141, -0.0004,  0.0143],
        [ 0.0136, -0.0028,  0.0131,  ...,  0.0157,  0.0187, -0.0202],
        ...,
        [ 0.0158,  0.0015,  0.0047,  ..., -0.0009,  0.0054,  0.0030],
        [-0.0086, -0.0117, -0.0071,  ...,  0.0125, -0.0215, -0.0053],
        [ 0.0077,  0.0078,  0.0161,  ..., -0.0091, -0.0132, -0.0011]])), ('fc1.weight_mask', tensor([[0., 0., 0.,  ..., 0., 0., 0.],
        [1., 1., 1.,  ..., 1., 1., 1.],
        [1., 1., 1.,  ..., 1., 1., 1.],
        ...,
        [1., 1., 1.,  ..., 1., 1., 1.],
        [1., 1., 1.,  ..., 1., 1., 1.],
        [0., 0., 0.,  ..., 0., 0., 0.]])), ('fc2.weight', tensor([[-0.0541,  0.1089, -0.0404,  0.0200,  0.0634,  0.0946,  0.0621, -0.1017,
          0.0600,  0.0179, -0.0054, -0.0317, -0.0579,  0.0728, -0.0475,  0.1002,
          0.1103,  0.0654, -0.1016,  0.1208, -0.0931, -0.0127, -0.0648, -0.0775,
         -0.0675, -0.1241, -0.0990, -0.0703,  0.0649, -0.0305,  0.0523, -0.0847,
          0.0539, -0.0759,  0.1061, -0.0942,  0.0315,  0.1017, -0.0932,  0.0352,
         -0.0420,  0.0749,  0.0531, -0.1054,  0.0625, -0.0055,  0.0204, -0.0334,
          0.0360,  0.1113, -0.0358,  0.0487, -0.0084, -0.0285,  0.0919,  0.1208,
         -0.0471, -0.0982,  0.0808,  0.0517, -0.0297,  0.0710, -0.0317, -0.0552],
        [-0.1123,  0.0788, -0.1072,  0.0250,  0.0187, -0.0955, -0.0640,  0.0253,
          0.0947, -0.0632,  0.0775,  0.0872,  0.1101, -0.0401,  0.0249, -0.0032,
          0.0445, -0.0161,  0.0875, -0.0758, -0.0945,  0.0145, -0.0020,  0.0054,
          0.0124, -0.0397, -0.0520,  0.0202,  0.0619, -0.0787,  0.0698,  0.0465,
         -0.0242, -0.0219,  0.0298,  0.0399, -0.0814, -0.0323, -0.0170, -0.0827,
         -0.1221, -0.0930,  0.0155, -0.0215, -0.0206,  0.0749, -0.0251, -0.0678,
          0.0645, -0.0583, -0.0490,  0.1084, -0.1132,  0.1097, -0.0343,  0.0359,
          0.0286,  0.0275, -0.0815, -0.1086,  0.0400,  0.0102,  0.0101,  0.0844],
        [ 0.0166,  0.0547, -0.0966,  0.0097,  0.0764,  0.1000,  0.0099, -0.0172,
         -0.0626,  0.0572, -0.0917,  0.0349, -0.0439, -0.0376,  0.0677, -0.0329,
         -0.0974,  0.0664, -0.0013, -0.0042,  0.1236, -0.0944, -0.1019, -0.1213,
          0.0831,  0.1151,  0.1191,  0.0391,  0.0742,  0.0486, -0.0982, -0.0408,
         -0.1136,  0.0697, -0.0134,  0.1129, -0.1245,  0.0219,  0.0785, -0.0296,
          0.1078, -0.0594, -0.1141, -0.1102, -0.1147, -0.1086, -0.1026, -0.0645,
          0.0785, -0.0819,  0.0116, -0.0300,  0.0110,  0.0845, -0.0303,  0.0886,
         -0.0397,  0.0194, -0.0585, -0.0789,  0.0911,  0.0965, -0.1030,  0.0413],
        [-0.0674,  0.0898,  0.1228,  0.0782,  0.1234,  0.0133, -0.0918, -0.0756,
          0.0239, -0.0530,  0.0078,  0.0290, -0.0168,  0.1165,  0.0726, -0.0100,
          0.0419, -0.0712, -0.0814, -0.0283,  0.0642,  0.1225,  0.0078,  0.1220,
         -0.1228, -0.0104,  0.0322, -0.1218, -0.0579, -0.0098,  0.0181, -0.0946,
         -0.0663, -0.1040,  0.0226, -0.0665, -0.1116, -0.0820, -0.0001,  0.0792,
         -0.0571, -0.0585,  0.0797, -0.0158, -0.0955,  0.1244, -0.1173,  0.1096,
         -0.1244, -0.0367, -0.0558, -0.1125,  0.0656, -0.1105,  0.0467,  0.0753,
         -0.0296,  0.0907, -0.0220, -0.0132, -0.0526,  0.0300,  0.1220, -0.0248],
        [ 0.0041, -0.0948, -0.1012,  0.0676, -0.0842,  0.1182, -0.0061, -0.0550,
          0.0939, -0.0692, -0.0824,  0.1093,  0.0164, -0.0822,  0.0260, -0.1192,
         -0.0565,  0.1115, -0.0891, -0.0574, -0.0537,  0.1088, -0.0967,  0.1027,
         -0.1188, -0.0586, -0.1089,  0.0404,  0.0951,  0.0603, -0.0753,  0.0319,
          0.0748, -0.0986,  0.0262, -0.0393,  0.0595,  0.1201, -0.1019,  0.0231,
          0.0812,  0.1001,  0.0545,  0.0649,  0.0695, -0.1019, -0.0154,  0.0372,
         -0.1082, -0.1171,  0.0317,  0.1228,  0.1218,  0.0154,  0.0899, -0.0080,
          0.1176, -0.0748,  0.0071, -0.0786, -0.0447,  0.0133,  0.0053, -0.0179],
        [ 0.0048,  0.0358, -0.0719, -0.0121, -0.0876, -0.0870, -0.0907,  0.0088,
          0.0856,  0.0518,  0.1186, -0.1188, -0.0262, -0.0539,  0.0033, -0.0026,
          0.0928, -0.0622, -0.0959, -0.0775,  0.0903, -0.0461, -0.0210, -0.0124,
          0.1005,  0.0640,  0.0308,  0.0219,  0.0396, -0.0091,  0.0766,  0.0811,
         -0.0963,  0.0212,  0.0374, -0.0108, -0.0365,  0.0697, -0.1189,  0.0718,
          0.1005, -0.0532,  0.0368,  0.1040,  0.1202, -0.0945, -0.0729,  0.0687,
         -0.0427, -0.0291, -0.0587,  0.1095,  0.0752, -0.0806, -0.0015,  0.0600,
          0.0736, -0.0563, -0.0550,  0.0445,  0.0905, -0.0105,  0.0255, -0.0870],
        [-0.0549, -0.0481, -0.0164, -0.0628, -0.0483, -0.0271, -0.1168, -0.0126,
         -0.0288,  0.0720,  0.0762, -0.0768,  0.0051,  0.1027, -0.0704, -0.0024,
          0.0035,  0.0778, -0.0837,  0.0434, -0.0330, -0.1060, -0.0343,  0.0241,
         -0.0010,  0.0090,  0.0580, -0.0593,  0.0581,  0.1202, -0.0791,  0.0857,
          0.0824, -0.0168,  0.1132,  0.0419, -0.0222,  0.0032,  0.0648,  0.0081,
          0.0113,  0.0339, -0.1039,  0.1177,  0.1148,  0.0083,  0.0920,  0.0117,
         -0.0015,  0.0822,  0.0857, -0.1128,  0.0018,  0.0955, -0.0429, -0.0658,
          0.0537,  0.0237, -0.1112, -0.1241, -0.0700,  0.0313,  0.0261, -0.0727],
        [-0.0835,  0.1156, -0.0012, -0.0203,  0.0572, -0.1114, -0.0841,  0.0962,
         -0.0684,  0.1162, -0.0191, -0.0504, -0.0907, -0.0207,  0.0993, -0.0934,
         -0.0497,  0.0570, -0.0373, -0.0104,  0.0075,  0.0592, -0.0632, -0.0402,
          0.1224,  0.0992, -0.0887, -0.0911, -0.0005,  0.0306, -0.0869,  0.0170,
         -0.0557,  0.0413,  0.0752, -0.0370,  0.0149,  0.0960,  0.0089,  0.0121,
          0.0666, -0.0155,  0.0624, -0.0970, -0.1122, -0.0302, -0.0705,  0.0720,
         -0.0431, -0.0761, -0.0071,  0.0081,  0.1124, -0.0103, -0.1230, -0.0521,
         -0.1092,  0.0228, -0.0928, -0.1017,  0.0260,  0.0827, -0.0854,  0.0232],
        [-0.0188,  0.0230,  0.0784,  0.0566,  0.0312, -0.0735,  0.0262, -0.0426,
         -0.0578,  0.1110,  0.1117,  0.1216, -0.1122, -0.1239, -0.0796,  0.1034,
         -0.0402, -0.0507,  0.0536,  0.1142, -0.0635, -0.0830,  0.0122, -0.0723,
         -0.0619, -0.1138, -0.1154, -0.1226, -0.0370, -0.1056, -0.0782, -0.0546,
          0.0606,  0.0162,  0.0347,  0.0507,  0.0672,  0.0237,  0.0599, -0.0849,
          0.1019,  0.0111,  0.0034, -0.0697,  0.1123, -0.0602,  0.0191,  0.0490,
         -0.0207,  0.0769,  0.0285,  0.0822,  0.0325,  0.1034,  0.1197, -0.0990,
         -0.0435,  0.0552,  0.0467, -0.0772,  0.0397,  0.0149, -0.1127,  0.1184],
        [ 0.1175,  0.1045, -0.0540, -0.0048,  0.0258, -0.1054, -0.0943, -0.0599,
          0.0660, -0.0979,  0.0177,  0.0024, -0.0258,  0.0134, -0.0615,  0.0979,
         -0.0470, -0.0611,  0.0130, -0.0706,  0.0308, -0.0112, -0.1005,  0.0582,
          0.0918,  0.0697,  0.1149,  0.0986,  0.1239,  0.0501, -0.1087, -0.0560,
          0.0844,  0.1217, -0.0902, -0.0554,  0.0112, -0.0521,  0.0443,  0.1037,
         -0.0188,  0.0626,  0.0463,  0.0158,  0.0523, -0.1185,  0.0817, -0.0307,
         -0.0005,  0.0657,  0.0618,  0.0502, -0.1138, -0.0015,  0.0058, -0.1238,
         -0.0913,  0.0436,  0.0724, -0.0730, -0.0986,  0.0164, -0.0957, -0.0089]])), ('fc2.bias', tensor([-0.1214,  0.1014,  0.0244,  0.0155, -0.0851, -0.1049,  0.1129,  0.1055,
        -0.0835,  0.0684]))])